-0.0193334799210741
-0.0077538290162149
-0.0466249102779986
-0.0535689564439703
-0.0378375334160625
-0.0418394829479982
-0.0340793105959207
-0.0341862674103652
-0.0104897517035424
0.0210324209449304
0.0088941304336642
0.0158530030445834
0.0549352254402849
0.0509671289184579
0.0638530170849347
0.0813864511490978
0.0932374277315978
0.1184959528994956
0.1374908854901545
0.1587247239137419
0.1628107496287108
0.1628442641918354
0.1634060192377326
0.1522139077846727
0.1339934636826293
0.0664147303901847
0.0497853014284432
0.0340943626313945
-0.0509240355352404
-0.0670741964872303
-0.0733042483508979
-0.1012825558062052
-0.0688252918506888
-0.0543238142444543
-0.057012653907159
-0.0337950633715758
-0.0628167365865804
-0.050163638324489
-0.0167584896694436
-0.0131863879486312
0.0275004967261032
0.042451462668191
0.0744217188437565
0.092093390860982
0.0742806303797838
0.0659615398342036
0.0437831953610956
0.0193308124428084
-0.0027690361619025
0.0271948690291399
0.0353889693079067
0.0245547567690884
0.0511436452210603
0.0354050056472305
0.0201466692003393
0.0150778923560275
0.0027956584162986
-0.0197303787092247
-0.0291792662923162
-0.05421554793225
-0.0655787966366521
-0.0708093563607041
-0.0836344379352962
-0.0710275128574477
-0.0834921048900867
-0.0710275128574477
-0.0836344379352962
-0.0708093563607041
-0.0655787966366521
-0.05421554793225
-0.0291792662923162
-0.0197303787092247
0.0027956584162986
0.0150778923560275
0.0201466692003393
0.0354050056472305
0.0511436452210604
0.0245547567690884
0.0353889693079067
0.0271948690291399
-0.0027690361619025
0.0193308124428085
0.0437831953610957
0.0659615398342036
0.0742806303797838
0.0920933908609821
0.0744217188437565
0.042451462668191
0.0275004967261032
-0.013186387948631
-0.0167584896694436
-0.0501636383244889
-0.0628167365865803
-0.0337950633715758
-0.057012653907159
-0.0543238142444543
-0.0688252918506888
-0.1012825558062052
-0.0733042483508979
-0.0670741964872304
-0.0509240355352404
0.0340943626313946
0.0497853014284432
0.0664147303901847
0.1339934636826293
0.1522139077846727
0.1634060192377326
0.1628442641918354
0.1628107496287109
0.1587247239137419
0.1374908854901544
0.1184959528994956
0.0932374277315978
0.0813864511490978
0.0638530170849347
0.0509671289184579
0.0549352254402849
0.0158530030445834
0.0088941304336642
0.0210324209449304
-0.0104897517035424
-0.0341862674103652
-0.0340793105959207
-0.0418394829479982
-0.0378375334160625
-0.0535689564439703
-0.0466249102779986
-0.0077538290162149
