#Run  | beta      1  | kymin     1  /Eigenvalue1            
0001  | 0.000000e+00 | 1.000000e-02 |     NaN     NaN
0002  | 2.000000e-03 | 1.000000e-02 |     NaN     NaN
0003  | 4.000000e-03 | 1.000000e-02 |  0.0110 -0.0300
0004  | 6.000000e-03 | 1.000000e-02 |  0.0380 -0.0140
0005  | 8.000000e-03 | 1.000000e-02 |  0.0640  0.0020
0006  | 1.000000e-02 | 1.000000e-02 |  0.0870  0.0150
0007  | 0.000000e+00 | 2.000000e-02 |     NaN     NaN
0008  | 2.000000e-03 | 2.000000e-02 |     NaN     NaN
0009  | 4.000000e-03 | 2.000000e-02 |     NaN     NaN
0010  | 6.000000e-03 | 2.000000e-02 |  0.0260  0.0140
0011  | 8.000000e-03 | 2.000000e-02 |  0.0630  0.0240
0012  | 1.000000e-02 | 2.000000e-02 |  0.0930  0.0320
0013  | 0.000000e+00 | 3.000000e-02 |     NaN     NaN
0014  | 2.000000e-03 | 3.000000e-02 |     NaN     NaN
0015  | 4.000000e-03 | 3.000000e-02 |     NaN     NaN
0016  | 6.000000e-03 | 3.000000e-02 |  0.0150  0.0290
0017  | 8.000000e-03 | 3.000000e-02 |  0.0550  0.0440
0018  | 1.000000e-02 | 3.000000e-02 |  0.0890  0.0500
0019  | 0.000000e+00 | 4.000000e-02 |     NaN     NaN
0020  | 2.000000e-03 | 4.000000e-02 |     NaN     NaN
0021  | 4.000000e-03 | 4.000000e-02 |     NaN     NaN
0022  | 6.000000e-03 | 4.000000e-02 |     NaN     NaN
0023  | 8.000000e-03 | 4.000000e-02 |  0.0420  0.0600
0024  | 1.000000e-02 | 4.000000e-02 |  0.0810  0.0680
0025  | 0.000000e+00 | 5.000000e-02 |  0.0150  0.0650
0026  | 2.000000e-03 | 5.000000e-02 |  0.0140  0.0650
0027  | 4.000000e-03 | 5.000000e-02 |     NaN     NaN
0028  | 6.000000e-03 | 5.000000e-02 |     NaN     NaN
0029  | 8.000000e-03 | 5.000000e-02 |  0.0210  0.0650
0030  | 1.000000e-02 | 5.000000e-02 |  0.0660  0.0860
