0001  | 0.000000e+00 | 1.000000e-02 |     NaN     NaN
0002  | 2.000000e-03 | 1.000000e-02 |     NaN     NaN
0003  | 4.000000e-03 | 1.000000e-02 |  0.0280 -0.0100
0004  | 6.000000e-03 | 1.000000e-02 |  0.0770  0.0080
0005  | 8.000000e-03 | 1.000000e-02 |  0.1180  0.0210
0006  | 1.000000e-02 | 1.000000e-02 |  0.1530  0.0290
0007  | 1.200000e-02 | 1.000000e-02 |  0.1840  0.0350
0008  | 1.400000e-02 | 1.000000e-02 |  0.2110  0.0390
0009  | 1.600000e-02 | 1.000000e-02 |  0.2360  0.0420
0010  | 1.800000e-02 | 1.000000e-02 |  0.2590  0.0450
0011  | 2.000000e-02 | 1.000000e-02 |  0.2800  0.0470
0012  | 0.000000e+00 | 2.000000e-02 |     NaN     NaN
0013  | 2.000000e-03 | 2.000000e-02 |     NaN     NaN
0014  | 4.000000e-03 | 2.000000e-02 |  0.0180  0.0130
0015  | 6.000000e-03 | 2.000000e-02 |  0.0790  0.0270
0016  | 8.000000e-03 | 2.000000e-02 |  0.1260  0.0340
0017  | 1.000000e-02 | 2.000000e-02 |  0.1630  0.0380
0018  | 1.200000e-02 | 2.000000e-02 |  0.1940  0.0410
0019  | 1.400000e-02 | 2.000000e-02 |  0.2220  0.0430
0020  | 1.600000e-02 | 2.000000e-02 |  0.2470  0.0440
0021  | 1.800000e-02 | 2.000000e-02 |  0.2700  0.0460
0022  | 2.000000e-02 | 2.000000e-02 |  0.2910  0.0470
0023  | 0.000000e+00 | 3.000000e-02 |     NaN     NaN
0024  | 2.000000e-03 | 3.000000e-02 |     NaN     NaN
0025  | 4.000000e-03 | 3.000000e-02 |     NaN     NaN
0026  | 6.000000e-03 | 3.000000e-02 |  0.0730  0.0460
0027  | 8.000000e-03 | 3.000000e-02 |  0.1230  0.0510
0028  | 1.000000e-02 | 3.000000e-02 |  0.1620  0.0530
0029  | 1.200000e-02 | 3.000000e-02 |  0.1940  0.0550
0030  | 1.400000e-02 | 3.000000e-02 |  0.2220  0.0560
0031  | 1.600000e-02 | 3.000000e-02 |  0.2470  0.0560
0032  | 1.800000e-02 | 3.000000e-02 |  0.2710  0.0570
0033  | 2.000000e-02 | 3.000000e-02 |  0.2920  0.0580
0034  | 0.000000e+00 | 4.000000e-02 |     NaN     NaN
0035  | 2.000000e-03 | 4.000000e-02 |     NaN     NaN
0036  | 4.000000e-03 | 4.000000e-02 |     NaN     NaN
0037  | 6.000000e-03 | 4.000000e-02 |  0.0610  0.0630
0038  | 8.000000e-03 | 4.000000e-02 |  0.1170  0.0680
0039  | 1.000000e-02 | 4.000000e-02 |  0.1580  0.0690
0040  | 1.200000e-02 | 4.000000e-02 |  0.1910  0.0700
0041  | 1.400000e-02 | 4.000000e-02 |  0.2200  0.0710
0042  | 1.600000e-02 | 4.000000e-02 |  0.2450  0.0710
0043  | 1.800000e-02 | 4.000000e-02 |  0.2690  0.0710
0044  | 2.000000e-02 | 4.000000e-02 |  0.2900  0.0720
0045  | 0.000000e+00 | 5.000000e-02 |  0.0160  0.0660
0046  | 2.000000e-03 | 5.000000e-02 |     NaN     NaN
0047  | 4.000000e-03 | 5.000000e-02 |     NaN     NaN
0048  | 6.000000e-03 | 5.000000e-02 |  0.0390  0.0760
0049  | 8.000000e-03 | 5.000000e-02 |  0.1080  0.0860
0050  | 1.000000e-02 | 5.000000e-02 |  0.1520  0.0860
0051  | 1.200000e-02 | 5.000000e-02 |  0.1860  0.0860
0052  | 1.400000e-02 | 5.000000e-02 |  0.2150  0.0860
0053  | 1.600000e-02 | 5.000000e-02 |  0.2410  0.0870
0054  | 1.800000e-02 | 5.000000e-02 |  0.2650  0.0870
0055  | 2.000000e-02 | 5.000000e-02 |  0.2870  0.0870
