0001  | 0.000000e+00 | 1.000000e-02 |     NaN     NaN
0002  | 2.000000e-03 | 1.000000e-02 |     NaN     NaN
0003  | 4.000000e-03 | 1.000000e-02 |  0.0590  0.0020
0004  | 6.000000e-03 | 1.000000e-02 |  0.1180  0.0280
0005  | 8.000000e-03 | 1.000000e-02 |  0.1690  0.0430
0006  | 1.000000e-02 | 1.000000e-02 |  0.2120  0.0530
0007  | 1.200000e-02 | 1.000000e-02 |  0.2500  0.0600
0008  | 1.400000e-02 | 1.000000e-02 |  0.2840  0.0650
0009  | 1.600000e-02 | 1.000000e-02 |  0.3150  0.0690
0010  | 1.800000e-02 | 1.000000e-02 |  0.3440  0.0730
0011  | 2.000000e-02 | 1.000000e-02 |  0.3720  0.0770
0012  | 0.000000e+00 | 2.000000e-02 |     NaN     NaN
0013  | 2.000000e-03 | 2.000000e-02 |     NaN     NaN
0014  | 4.000000e-03 | 2.000000e-02 |  0.0520  0.0300
0015  | 6.000000e-03 | 2.000000e-02 |  0.1270  0.0470
0016  | 8.000000e-03 | 2.000000e-02 |  0.1810  0.0540
0017  | 1.000000e-02 | 2.000000e-02 |  0.2250  0.0580
0018  | 1.200000e-02 | 2.000000e-02 |  0.2630  0.0610
0019  | 1.400000e-02 | 2.000000e-02 |  0.2970  0.0630
0020  | 1.600000e-02 | 2.000000e-02 |  0.3280  0.0650
0021  | 1.800000e-02 | 2.000000e-02 |  0.3570  0.0670
0022  | 2.000000e-02 | 2.000000e-02 |  0.3860  0.0690
0023  | 0.000000e+00 | 3.000000e-02 |     NaN     NaN
0024  | 2.000000e-03 | 3.000000e-02 |     NaN     NaN
0025  | 4.000000e-03 | 3.000000e-02 |  0.0330  0.0490
0026  | 6.000000e-03 | 3.000000e-02 |  0.1220  0.0690
0027  | 8.000000e-03 | 3.000000e-02 |  0.1800  0.0730
0028  | 1.000000e-02 | 3.000000e-02 |  0.2250  0.0750
0029  | 1.200000e-02 | 3.000000e-02 |  0.2630  0.0770
0030  | 1.400000e-02 | 3.000000e-02 |  0.2980  0.0780
0031  | 1.600000e-02 | 3.000000e-02 |  0.3280  0.0790
0032  | 1.800000e-02 | 3.000000e-02 |  0.3580  0.0810
0033  | 2.000000e-02 | 3.000000e-02 |  0.3870  0.0820
0034  | 0.000000e+00 | 4.000000e-02 |     NaN     NaN
0035  | 2.000000e-03 | 4.000000e-02 |     NaN     NaN
0036  | 4.000000e-03 | 4.000000e-02 |     NaN     NaN
0037  | 6.000000e-03 | 4.000000e-02 |  0.1110  0.0920
0038  | 8.000000e-03 | 4.000000e-02 |  0.1740  0.0940
0039  | 1.000000e-02 | 4.000000e-02 |  0.2210  0.0950
0040  | 1.200000e-02 | 4.000000e-02 |  0.2600  0.0960
0041  | 1.400000e-02 | 4.000000e-02 |  0.2950  0.0970
0042  | 1.600000e-02 | 4.000000e-02 |  0.3260  0.0970
0043  | 1.800000e-02 | 4.000000e-02 |  0.3560  0.0980
0044  | 2.000000e-02 | 4.000000e-02 |  0.3850  0.0990
0045  | 0.000000e+00 | 5.000000e-02 |     NaN     NaN
0046  | 2.000000e-03 | 5.000000e-02 |     NaN     NaN
0047  | 4.000000e-03 | 5.000000e-02 |     NaN     NaN
0048  | 6.000000e-03 | 5.000000e-02 |  0.0950  0.1190
0049  | 8.000000e-03 | 5.000000e-02 |  0.1650  0.1170
0050  | 1.000000e-02 | 5.000000e-02 |  0.2140  0.1160
0051  | 1.200000e-02 | 5.000000e-02 |  0.2540  0.1160
0052  | 1.400000e-02 | 5.000000e-02 |  0.2900  0.1170
0053  | 1.600000e-02 | 5.000000e-02 |  0.3220  0.1170
0054  | 1.800000e-02 | 5.000000e-02 |  0.3520  0.1180
0055  | 2.000000e-02 | 5.000000e-02 |  0.3810  0.1190
