0001  | 0.000000e+00 | 1.000000e-02 |     NaN     NaN
0002  | 2.000000e-03 | 1.000000e-02 |     NaN     NaN
0003  | 4.000000e-03 | 1.000000e-02 |  0.0970  0.0160
0004  | 6.000000e-03 | 1.000000e-02 |  0.1740  0.0340
0005  | 8.000000e-03 | 1.000000e-02 |  0.2340  0.0420
0006  | 1.000000e-02 | 1.000000e-02 |  0.2840  0.0470
0007  | 1.200000e-02 | 1.000000e-02 |  0.3280  0.0510
0008  | 1.400000e-02 | 1.000000e-02 |  0.3680  0.0540
0009  | 1.600000e-02 | 1.000000e-02 |  0.4060  0.0570
0010  | 1.800000e-02 | 1.000000e-02 |  0.4440  0.0600
0011  | 2.000000e-02 | 1.000000e-02 |  0.4810  0.0630
0012  | 0.000000e+00 | 2.000000e-02 |     NaN     NaN
0013  | 2.000000e-03 | 2.000000e-02 |     NaN     NaN
0014  | 4.000000e-03 | 2.000000e-02 |  0.1000  0.0400
0015  | 6.000000e-03 | 2.000000e-02 |  0.1830  0.0490
0016  | 8.000000e-03 | 2.000000e-02 |  0.2440  0.0520
0017  | 1.000000e-02 | 2.000000e-02 |  0.2950  0.0550
0018  | 1.200000e-02 | 2.000000e-02 |  0.3390  0.0570
0019  | 1.400000e-02 | 2.000000e-02 |  0.3790  0.0580
0020  | 1.600000e-02 | 2.000000e-02 |  0.4170  0.0590
0021  | 1.800000e-02 | 2.000000e-02 |  0.4550  0.0610
0022  | 2.000000e-02 | 2.000000e-02 |  0.4920  0.0620
0023  | 0.000000e+00 | 3.000000e-02 |     NaN     NaN
0024  | 2.000000e-03 | 3.000000e-02 |     NaN     NaN
0025  | 4.000000e-03 | 3.000000e-02 |  0.0910  0.0640
0026  | 6.000000e-03 | 3.000000e-02 |  0.1810  0.0690
0027  | 8.000000e-03 | 3.000000e-02 |  0.2440  0.0710
0028  | 1.000000e-02 | 3.000000e-02 |  0.2950  0.0720
0029  | 1.200000e-02 | 3.000000e-02 |  0.3390  0.0730
0030  | 1.400000e-02 | 3.000000e-02 |  0.3790  0.0740
0031  | 1.600000e-02 | 3.000000e-02 |  0.4180  0.0750
0032  | 1.800000e-02 | 3.000000e-02 |  0.4550  0.0760
0033  | 2.000000e-02 | 3.000000e-02 |  0.4930  0.0770
0034  | 0.000000e+00 | 4.000000e-02 |     NaN     NaN
0035  | 2.000000e-03 | 4.000000e-02 |     NaN     NaN
0036  | 4.000000e-03 | 4.000000e-02 |  0.0730  0.0890
0037  | 6.000000e-03 | 4.000000e-02 |  0.1740  0.0910
0038  | 8.000000e-03 | 4.000000e-02 |  0.2390  0.0910
0039  | 1.000000e-02 | 4.000000e-02 |  0.2910  0.0920
0040  | 1.200000e-02 | 4.000000e-02 |  0.3360  0.0920
0041  | 1.400000e-02 | 4.000000e-02 |  0.3770  0.0920
0042  | 1.600000e-02 | 4.000000e-02 |  0.4160  0.0930
0043  | 1.800000e-02 | 4.000000e-02 |  0.4540  0.0940
0044  | 2.000000e-02 | 4.000000e-02 |  0.4920  0.0950
0045  | 0.000000e+00 | 5.000000e-02 |     NaN     NaN
0046  | 2.000000e-03 | 5.000000e-02 |     NaN     NaN
0047  | 4.000000e-03 | 5.000000e-02 |  0.0460  0.1330
0048  | 6.000000e-03 | 5.000000e-02 |  0.1650  0.1130
0049  | 8.000000e-03 | 5.000000e-02 |  0.2330  0.1120
0050  | 1.000000e-02 | 5.000000e-02 |  0.2860  0.1120
0051  | 1.200000e-02 | 5.000000e-02 |  0.3320  0.1120
0052  | 1.400000e-02 | 5.000000e-02 |  0.3730  0.1120
0053  | 1.600000e-02 | 5.000000e-02 |  0.4120  0.1130
0054  | 1.800000e-02 | 5.000000e-02 |  0.4510  0.1130
0055  | 2.000000e-02 | 5.000000e-02 |  0.4890  0.1140
