0001  | 0.000000e+00 | 1.000000e-02 |     NaN     NaN
0002  | 2.000000e-03 | 1.000000e-02 |     NaN     NaN
0003  | 4.000000e-03 | 1.000000e-02 |     NaN     NaN
0004  | 6.000000e-03 | 1.000000e-02 |  0.0380 -0.0140
0005  | 8.000000e-03 | 1.000000e-02 |  0.0640  0.0020
0006  | 1.000000e-02 | 1.000000e-02 |  0.0870  0.0150
0007  | 1.200000e-02 | 1.000000e-02 |  0.1080  0.0260
0008  | 1.400000e-02 | 1.000000e-02 |  0.1280  0.0340
0009  | 1.600000e-02 | 1.000000e-02 |  0.1470  0.0410
0010  | 1.800000e-02 | 1.000000e-02 |  0.1650  0.0460
0011  | 2.000000e-02 | 1.000000e-02 |  0.1810  0.0510
0012  | 0.000000e+00 | 2.000000e-02 |     NaN     NaN
0013  | 2.000000e-03 | 2.000000e-02 |     NaN     NaN
0014  | 4.000000e-03 | 2.000000e-02 |     NaN     NaN
0015  | 6.000000e-03 | 2.000000e-02 |  0.0260  0.0140
0016  | 8.000000e-03 | 2.000000e-02 |  0.0630  0.0240
0017  | 1.000000e-02 | 2.000000e-02 |  0.0930  0.0320
0018  | 1.200000e-02 | 2.000000e-02 |  0.1180  0.0380
0019  | 1.400000e-02 | 2.000000e-02 |  0.1400  0.0420
0020  | 1.600000e-02 | 2.000000e-02 |  0.1600  0.0450
0021  | 1.800000e-02 | 2.000000e-02 |  0.1780  0.0470
0022  | 2.000000e-02 | 2.000000e-02 |  0.1950  0.0490
0023  | 0.000000e+00 | 3.000000e-02 |     NaN     NaN
0024  | 2.000000e-03 | 3.000000e-02 |     NaN     NaN
0025  | 4.000000e-03 | 3.000000e-02 |     NaN     NaN
0026  | 6.000000e-03 | 3.000000e-02 |     NaN     NaN
0027  | 8.000000e-03 | 3.000000e-02 |  0.0550  0.0440
0028  | 1.000000e-02 | 3.000000e-02 |  0.0890  0.0500
0029  | 1.200000e-02 | 3.000000e-02 |  0.1160  0.0540
0030  | 1.400000e-02 | 3.000000e-02 |  0.1400  0.0560
0031  | 1.600000e-02 | 3.000000e-02 |  0.1600  0.0580
0032  | 1.800000e-02 | 3.000000e-02 |  0.1790  0.0590
0033  | 2.000000e-02 | 3.000000e-02 |  0.1960  0.0610
0034  | 0.000000e+00 | 4.000000e-02 |     NaN     NaN
0035  | 2.000000e-03 | 4.000000e-02 |     NaN     NaN
0036  | 4.000000e-03 | 4.000000e-02 |     NaN     NaN
0037  | 6.000000e-03 | 4.000000e-02 |     NaN     NaN
0038  | 8.000000e-03 | 4.000000e-02 |  0.0420  0.0600
0039  | 1.000000e-02 | 4.000000e-02 |  0.0810  0.0680
0040  | 1.200000e-02 | 4.000000e-02 |  0.1110  0.0710
0041  | 1.400000e-02 | 4.000000e-02 |  0.1350  0.0730
0042  | 1.600000e-02 | 4.000000e-02 |  0.1570  0.0740
0043  | 1.800000e-02 | 4.000000e-02 |  0.1760  0.0750
0044  | 2.000000e-02 | 4.000000e-02 |  0.1930  0.0750
0045  | 0.000000e+00 | 5.000000e-02 |  0.0150  0.0650
0046  | 2.000000e-03 | 5.000000e-02 |     NaN     NaN
0047  | 4.000000e-03 | 5.000000e-02 |     NaN     NaN
0048  | 6.000000e-03 | 5.000000e-02 |     NaN     NaN
0049  | 8.000000e-03 | 5.000000e-02 |     NaN     NaN
0050  | 1.000000e-02 | 5.000000e-02 |  0.0660  0.0860
0051  | 1.200000e-02 | 5.000000e-02 |  0.1020  0.0890
0052  | 1.400000e-02 | 5.000000e-02 |  0.1280  0.0900
0053  | 1.600000e-02 | 5.000000e-02 |  0.1510  0.0910
0054  | 1.800000e-02 | 5.000000e-02 |  0.1710  0.0910
0055  | 2.000000e-02 | 5.000000e-02 |  0.1890  0.0910
