0001  | 0.000000e+00 | 1.000000e-02 |     NaN     NaN
0002  | 5.000000e-03 | 1.000000e-02 |  0.0610  0.0540
0003  | 1.000000e-02 | 1.000000e-02 |  0.1380  0.0710
0004  | 1.500000e-02 | 1.000000e-02 |  0.1900  0.0790
0005  | 2.000000e-02 | 1.000000e-02 |  0.2300  0.0850
0006  | 2.500000e-02 | 1.000000e-02 |  0.2630  0.0900
0007  | 3.000000e-02 | 1.000000e-02 |  0.2910  0.0960
0008  | 3.500000e-02 | 1.000000e-02 |  0.3150  0.1040
0009  | 0.000000e+00 | 2.500000e-02 |     NaN     NaN
0010  | 5.000000e-03 | 2.500000e-02 |  0.0680  0.0630
0011  | 1.000000e-02 | 2.500000e-02 |  0.1510  0.0670
0012  | 1.500000e-02 | 2.500000e-02 |  0.2040  0.0680
0013  | 2.000000e-02 | 2.500000e-02 |  0.2440  0.0680
0014  | 2.500000e-02 | 2.500000e-02 |  0.2790  0.0690
0015  | 3.000000e-02 | 2.500000e-02 |  0.3100  0.0710
0016  | 3.500000e-02 | 2.500000e-02 |  0.3380  0.0730
0017  | 0.000000e+00 | 5.000000e-02 |     NaN     NaN
0018  | 5.000000e-03 | 5.000000e-02 |     NaN     NaN
0019  | 1.000000e-02 | 5.000000e-02 |  0.1400  0.1040
0020  | 1.500000e-02 | 5.000000e-02 |  0.1960  0.1010
0021  | 2.000000e-02 | 5.000000e-02 |  0.2390  0.1000
0022  | 2.500000e-02 | 5.000000e-02 |  0.2740  0.1000
0023  | 3.000000e-02 | 5.000000e-02 |  0.3060  0.1010
0024  | 3.500000e-02 | 5.000000e-02 |  0.3350  0.1010
0025  | 0.000000e+00 | 1.000000e-01 |  0.0380  0.0760
0026  | 5.000000e-03 | 1.000000e-01 |     NaN     NaN
0027  | 1.000000e-02 | 1.000000e-01 |  0.1000  0.2170
0028  | 1.500000e-02 | 1.000000e-01 |  0.1590  0.1950
0029  | 2.000000e-02 | 1.000000e-01 |  0.2070  0.1880
0030  | 2.500000e-02 | 1.000000e-01 |  0.2470  0.1850
0031  | 3.000000e-02 | 1.000000e-01 |  0.2800  0.1840
0032  | 3.500000e-02 | 1.000000e-01 |  0.3110  0.1840
0033  | 0.000000e+00 | 1.500000e-01 |  0.0580  0.0870
0034  | 5.000000e-03 | 1.500000e-01 |  0.0590  0.0880
0035  | 1.000000e-02 | 1.500000e-01 |  0.0600  0.0910
0036  | 1.500000e-02 | 1.500000e-01 |  0.1040  0.3070
0037  | 2.000000e-02 | 1.500000e-01 |  0.1570  0.2870
0038  | 2.500000e-02 | 1.500000e-01 |  0.2010  0.2790
0039  | 3.000000e-02 | 1.500000e-01 |  0.2390  0.2740
0040  | 3.500000e-02 | 1.500000e-01 |  0.2730  0.2740
