0001  | 0.000000e+00 | 1.000000e-02 |     NaN     NaN
0002  | 2.000000e-03 | 1.000000e-02 |     NaN     NaN
0003  | 4.000000e-03 | 1.000000e-02 |  0.0400  0.0470
0004  | 6.000000e-03 | 1.000000e-02 |  0.0800  0.0590
0005  | 8.000000e-03 | 1.000000e-02 |  0.1120  0.0670
0006  | 1.000000e-02 | 1.000000e-02 |  0.1380  0.0710
0007  | 1.200000e-02 | 1.000000e-02 |  0.1610  0.0750
0008  | 1.400000e-02 | 1.000000e-02 |  0.1810  0.0780
0009  | 1.600000e-02 | 1.000000e-02 |  0.1990  0.0800
0010  | 1.800000e-02 | 1.000000e-02 |  0.2150  0.0830
0011  | 2.000000e-02 | 1.000000e-02 |  0.2300  0.0850
0012  | 0.000000e+00 | 2.000000e-02 |     NaN     NaN
0013  | 2.000000e-03 | 2.000000e-02 |     NaN     NaN
0014  | 4.000000e-03 | 2.000000e-02 |  0.0450  0.0540
0015  | 6.000000e-03 | 2.000000e-02 |  0.0910  0.0590
0016  | 8.000000e-03 | 2.000000e-02 |  0.1240  0.0610
0017  | 1.000000e-02 | 2.000000e-02 |  0.1510  0.0630
0018  | 1.200000e-02 | 2.000000e-02 |  0.1740  0.0640
0019  | 1.400000e-02 | 2.000000e-02 |  0.1940  0.0640
0020  | 1.600000e-02 | 2.000000e-02 |  0.2120  0.0650
0021  | 1.800000e-02 | 2.000000e-02 |  0.2280  0.0660
0022  | 2.000000e-02 | 2.000000e-02 |  0.2440  0.0660
0023  | 0.000000e+00 | 3.000000e-02 |     NaN     NaN
0024  | 2.000000e-03 | 3.000000e-02 |     NaN     NaN
0025  | 4.000000e-03 | 3.000000e-02 |  0.0340  0.0690
0026  | 6.000000e-03 | 3.000000e-02 |  0.0870  0.0720
0027  | 8.000000e-03 | 3.000000e-02 |  0.1220  0.0720
0028  | 1.000000e-02 | 3.000000e-02 |  0.1500  0.0720
0029  | 1.200000e-02 | 3.000000e-02 |  0.1730  0.0720
0030  | 1.400000e-02 | 3.000000e-02 |  0.1940  0.0730
0031  | 1.600000e-02 | 3.000000e-02 |  0.2120  0.0730
0032  | 1.800000e-02 | 3.000000e-02 |  0.2290  0.0730
0033  | 2.000000e-02 | 3.000000e-02 |  0.2440  0.0730
0034  | 0.000000e+00 | 4.000000e-02 |     NaN     NaN
0035  | 2.000000e-03 | 4.000000e-02 |     NaN     NaN
0036  | 4.000000e-03 | 4.000000e-02 |     NaN     NaN
0037  | 6.000000e-03 | 4.000000e-02 |  0.0780  0.0880
0038  | 8.000000e-03 | 4.000000e-02 |  0.1170  0.0870
0039  | 1.000000e-02 | 4.000000e-02 |  0.1460  0.0870
0040  | 1.200000e-02 | 4.000000e-02 |  0.1700  0.0860
0041  | 1.400000e-02 | 4.000000e-02 |  0.1910  0.0860
0042  | 1.600000e-02 | 4.000000e-02 |  0.2100  0.0860
0043  | 1.800000e-02 | 4.000000e-02 |  0.2270  0.0860
0044  | 2.000000e-02 | 4.000000e-02 |  0.2420  0.0860
0045  | 0.000000e+00 | 5.000000e-02 |     NaN     NaN
0046  | 2.000000e-03 | 5.000000e-02 |     NaN     NaN
0047  | 4.000000e-03 | 5.000000e-02 |     NaN     NaN
0048  | 6.000000e-03 | 5.000000e-02 |  0.0620  0.1110
0049  | 8.000000e-03 | 5.000000e-02 |  0.1090  0.1060
0050  | 1.000000e-02 | 5.000000e-02 |  0.1400  0.1040
0051  | 1.200000e-02 | 5.000000e-02 |  0.1650  0.1030
0052  | 1.400000e-02 | 5.000000e-02 |  0.1860  0.1020
0053  | 1.600000e-02 | 5.000000e-02 |  0.2050  0.1010
0054  | 1.800000e-02 | 5.000000e-02 |  0.2230  0.1010
0055  | 2.000000e-02 | 5.000000e-02 |  0.2390  0.1000
