#Run  | kymin     1  /Eigenvalue1            
0001  | 2.500000e-02 |  0.0120  0.0330
0002  | 5.000000e-02 |  0.0270  0.0150
0003  | 8.000000e-01 |  0.3050  0.8830
0001  | 2.500000e-02 |  0.0150  0.0280
0002  | 5.000000e-02 |  0.0230  0.0090
0003  | 8.000000e-01 |  0.2480  0.9720
0001  | 2.500000e-02 |  0.3570  0.2410
0002  | 5.000000e-02 |  0.3100  0.4070
0003  | 8.000000e-01 |  0.1910  0.8720
0001  | 2.500000e-02 |  3.0770  0.0310
0002  | 5.000000e-02 |  2.5980  0.3780
0003  | 8.000000e-01 |  0.1360  0.9070
0001  | 2.500000e-02 |  6.9980  5.6160
0002  | 5.000000e-02 |  6.5590  2.4950
0003  | 8.000000e-01 |  0.3180  2.9230
