0001  | 0.000000e+00 | 1.000000e-02 |     NaN     NaN
0002  | 5.000000e-03 | 1.000000e-02 |  0.0900  0.0160
0003  | 1.000000e-02 | 1.000000e-02 |  0.2120  0.0530
0004  | 1.500000e-02 | 1.000000e-02 |  0.3000  0.0670
0005  | 2.000000e-02 | 1.000000e-02 |  0.3720  0.0770
0006  | 2.500000e-02 | 1.000000e-02 |  0.4430  0.0860
0007  | 3.000000e-02 | 1.000000e-02 |  0.5140  0.0940
0008  | 3.500000e-02 | 1.000000e-02 |  0.5860  0.1030
0009  | 0.000000e+00 | 2.500000e-02 |     NaN     NaN
0010  | 5.000000e-03 | 2.500000e-02 |  0.0890  0.0530
0011  | 1.000000e-02 | 2.500000e-02 |  0.2260  0.0660
0012  | 1.500000e-02 | 2.500000e-02 |  0.3130  0.0710
0013  | 2.000000e-02 | 2.500000e-02 |  0.3870  0.0750
0014  | 2.500000e-02 | 2.500000e-02 |  0.4570  0.0790
0015  | 3.000000e-02 | 2.500000e-02 |  0.5280  0.0830
0016  | 3.500000e-02 | 2.500000e-02 |  0.6000  0.0880
0017  | 0.000000e+00 | 5.000000e-02 |     NaN     NaN
0018  | 5.000000e-03 | 5.000000e-02 |  0.0370  0.1410
0019  | 1.000000e-02 | 5.000000e-02 |  0.2140  0.1160
0020  | 1.500000e-02 | 5.000000e-02 |  0.3050  0.1170
0021  | 2.000000e-02 | 5.000000e-02 |  0.3810  0.1190
0022  | 2.500000e-02 | 5.000000e-02 |  0.4530  0.1210
0023  | 3.000000e-02 | 5.000000e-02 |  0.5250  0.1250
0024  | 3.500000e-02 | 5.000000e-02 |  0.5980  0.1290
0025  | 0.000000e+00 | 1.000000e-01 |     NaN     NaN
0026  | 5.000000e-03 | 1.000000e-01 |     NaN     NaN
0027  | 1.000000e-02 | 1.000000e-01 |  0.1440  0.2360
0028  | 1.500000e-02 | 1.000000e-01 |  0.2600  0.2240
0029  | 2.000000e-02 | 1.000000e-01 |  0.3460  0.2240
0030  | 2.500000e-02 | 1.000000e-01 |  0.4250  0.2260
0031  | 3.000000e-02 | 1.000000e-01 |  0.5010  0.2300
0032  | 3.500000e-02 | 1.000000e-01 |  0.5780  0.2350
0033  | 0.000000e+00 | 1.500000e-01 |     NaN     NaN
0034  | 5.000000e-03 | 1.500000e-01 |  0.0420  0.0200
0035  | 1.000000e-02 | 1.500000e-01 |  0.0550  0.0320
0036  | 1.500000e-02 | 1.500000e-01 |  0.1670  0.3470
0037  | 2.000000e-02 | 1.500000e-01 |  0.2810  0.3340
0038  | 2.500000e-02 | 1.500000e-01 |  0.3750  0.3340
0039  | 3.000000e-02 | 1.500000e-01 |  0.4610  0.3380
0040  | 3.500000e-02 | 1.500000e-01 |  0.5450  0.3450
