0001  | 0.000000e+00 | 1.000000e-02 |     NaN     NaN
0002  | 5.000000e-03 | 1.000000e-02 |  0.0230 -0.0240
0003  | 1.000000e-02 | 1.000000e-02 |  0.0870  0.0150
0004  | 1.500000e-02 | 1.000000e-02 |  0.1380  0.0380
0005  | 2.000000e-02 | 1.000000e-02 |  0.1810  0.0510
0006  | 2.500000e-02 | 1.000000e-02 |  0.2180  0.0590
0007  | 3.000000e-02 | 1.000000e-02 |  0.2510  0.0660
0008  | 3.500000e-02 | 1.000000e-02 |  0.2820  0.0730
0009  | 0.000000e+00 | 2.500000e-02 |     NaN     NaN
0010  | 5.000000e-03 | 2.500000e-02 |     NaN     NaN
0011  | 1.000000e-02 | 2.500000e-02 |  0.0910  0.0410
0012  | 1.500000e-02 | 2.500000e-02 |  0.1510  0.0500
0013  | 2.000000e-02 | 2.500000e-02 |  0.1960  0.0540
0014  | 2.500000e-02 | 2.500000e-02 |  0.2330  0.0570
0015  | 3.000000e-02 | 2.500000e-02 |  0.2670  0.0600
0016  | 3.500000e-02 | 2.500000e-02 |  0.2980  0.0630
0017  | 0.000000e+00 | 5.000000e-02 |  0.0150  0.0650
0018  | 5.000000e-03 | 5.000000e-02 |     NaN     NaN
0019  | 1.000000e-02 | 5.000000e-02 |  0.0660  0.0860
0020  | 1.500000e-02 | 5.000000e-02 |  0.1400  0.0900
0021  | 2.000000e-02 | 5.000000e-02 |  0.1890  0.0910
0022  | 2.500000e-02 | 5.000000e-02 |  0.2280  0.0930
0023  | 3.000000e-02 | 5.000000e-02 |  0.2620  0.0940
0024  | 3.500000e-02 | 5.000000e-02 |  0.2940  0.0960
0025  | 0.000000e+00 | 1.000000e-01 |  0.0370  0.0700
0026  | 5.000000e-03 | 1.000000e-01 |  0.0380  0.0710
0027  | 1.000000e-02 | 1.000000e-01 |     NaN     NaN
0028  | 1.500000e-02 | 1.000000e-01 |  0.0860  0.2030
0029  | 2.000000e-02 | 1.000000e-01 |  0.1450  0.1850
0030  | 2.500000e-02 | 1.000000e-01 |  0.1920  0.1800
0031  | 3.000000e-02 | 1.000000e-01 |  0.2310  0.1790
0032  | 3.500000e-02 | 1.000000e-01 |  0.2670  0.1800
0033  | 0.000000e+00 | 1.500000e-01 |     NaN     NaN
0034  | 5.000000e-03 | 1.500000e-01 |  0.0530  0.0810
0035  | 1.000000e-02 | 1.500000e-01 |  0.0540  0.0820
0036  | 1.500000e-02 | 1.500000e-01 |  0.0560  0.0850
0037  | 2.000000e-02 | 1.500000e-01 |  0.0800  0.3070
0038  | 2.500000e-02 | 1.500000e-01 |  0.1330  0.2850
0039  | 3.000000e-02 | 1.500000e-01 |  0.1790  0.2760
0040  | 3.500000e-02 | 1.500000e-01 |  0.2220  0.2750
