# CREATED BY GENE DIAGNOSTICS TOOL on Sat Jan  9 16:18:13 2021
# diag: zprofile, run(s): 0007, time window: 434-434.112(1 steps), species: ions
# original data path: /ptmp/jproll/critgrad/TEMgradn/W7XLM/bean/scanfiles0002/
# normalization: L_ref=1.65m
#
# variable A = phi
#  z/qR       <|A|>       <|A|²>^½    <|A²|-|A|²
 -3.1416E+00  0.0000E+00  1.6093E+01  1.6093E+01
 -3.0925E+00  0.0000E+00  1.4590E+01  1.4590E+01
 -3.0434E+00  0.0000E+00  1.3926E+01  1.3926E+01
 -2.9943E+00  0.0000E+00  1.4285E+01  1.4285E+01
 -2.9452E+00  0.0000E+00  1.3794E+01  1.3794E+01
 -2.8962E+00  0.0000E+00  1.3314E+01  1.3314E+01
 -2.8471E+00  0.0000E+00  1.3885E+01  1.3885E+01
 -2.7980E+00  0.0000E+00  1.3799E+01  1.3799E+01
 -2.7489E+00  0.0000E+00  1.4112E+01  1.4112E+01
 -2.6998E+00  0.0000E+00  1.4783E+01  1.4783E+01
 -2.6507E+00  0.0000E+00  1.5688E+01  1.5688E+01
 -2.6016E+00  0.0000E+00  1.6165E+01  1.6165E+01
 -2.5525E+00  0.0000E+00  1.5776E+01  1.5776E+01
 -2.5035E+00  0.0000E+00  1.5883E+01  1.5883E+01
 -2.4544E+00  0.0000E+00  1.5530E+01  1.5530E+01
 -2.4053E+00  0.0000E+00  1.5440E+01  1.5440E+01
 -2.3562E+00  0.0000E+00  1.4919E+01  1.4919E+01
 -2.3071E+00  0.0000E+00  1.4247E+01  1.4247E+01
 -2.2580E+00  0.0000E+00  1.3836E+01  1.3836E+01
 -2.2089E+00  0.0000E+00  1.3698E+01  1.3698E+01
 -2.1598E+00  0.0000E+00  1.3684E+01  1.3684E+01
 -2.1108E+00  0.0000E+00  1.3825E+01  1.3825E+01
 -2.0617E+00  0.0000E+00  1.3982E+01  1.3982E+01
 -2.0126E+00  0.0000E+00  1.4264E+01  1.4264E+01
 -1.9635E+00  0.0000E+00  1.4690E+01  1.4690E+01
 -1.9144E+00  0.0000E+00  1.5360E+01  1.5360E+01
 -1.8653E+00  0.0000E+00  1.5997E+01  1.5997E+01
 -1.8162E+00  0.0000E+00  1.6957E+01  1.6957E+01
 -1.7671E+00  0.0000E+00  1.8928E+01  1.8928E+01
 -1.7181E+00  0.0000E+00  2.0315E+01  2.0315E+01
 -1.6690E+00  0.0000E+00  2.1137E+01  2.1137E+01
 -1.6199E+00  0.0000E+00  2.2819E+01  2.2819E+01
 -1.5708E+00  0.0000E+00  2.3268E+01  2.3268E+01
 -1.5217E+00  0.0000E+00  2.5147E+01  2.5147E+01
 -1.4726E+00  0.0000E+00  2.6427E+01  2.6427E+01
 -1.4235E+00  0.0000E+00  2.7074E+01  2.7074E+01
 -1.3744E+00  0.0000E+00  2.7985E+01  2.7985E+01
 -1.3254E+00  0.0000E+00  2.7735E+01  2.7735E+01
 -1.2763E+00  0.0000E+00  2.9293E+01  2.9293E+01
 -1.2272E+00  0.0000E+00  2.7852E+01  2.7852E+01
 -1.1781E+00  0.0000E+00  2.7866E+01  2.7866E+01
 -1.1290E+00  0.0000E+00  2.7432E+01  2.7432E+01
 -1.0799E+00  0.0000E+00  2.7112E+01  2.7112E+01
 -1.0308E+00  0.0000E+00  2.6134E+01  2.6134E+01
 -9.8175E-01  0.0000E+00  2.5090E+01  2.5090E+01
 -9.3266E-01  0.0000E+00  2.4294E+01  2.4294E+01
 -8.8357E-01  0.0000E+00  2.3088E+01  2.3088E+01
 -8.3449E-01  0.0000E+00  2.2076E+01  2.2076E+01
 -7.8540E-01  0.0000E+00  2.0934E+01  2.0934E+01
 -7.3631E-01  0.0000E+00  2.0208E+01  2.0208E+01
 -6.8722E-01  0.0000E+00  2.0192E+01  2.0192E+01
 -6.3814E-01  0.0000E+00  1.9680E+01  1.9680E+01
 -5.8905E-01  0.0000E+00  1.9844E+01  1.9844E+01
 -5.3996E-01  0.0000E+00  1.9887E+01  1.9887E+01
 -4.9087E-01  0.0000E+00  1.8861E+01  1.8861E+01
 -4.4179E-01  0.0000E+00  1.8494E+01  1.8494E+01
 -3.9270E-01  0.0000E+00  1.8594E+01  1.8594E+01
 -3.4361E-01  0.0000E+00  1.8513E+01  1.8513E+01
 -2.9452E-01  0.0000E+00  1.8971E+01  1.8971E+01
 -2.4544E-01  0.0000E+00  1.9032E+01  1.9032E+01
 -1.9635E-01  0.0000E+00  1.9658E+01  1.9658E+01
 -1.4726E-01  0.0000E+00  2.0552E+01  2.0552E+01
 -9.8175E-02  0.0000E+00  2.0003E+01  2.0003E+01
 -4.9087E-02  0.0000E+00  2.1140E+01  2.1140E+01
  0.0000E+00  0.0000E+00  2.0809E+01  2.0809E+01
  4.9087E-02  0.0000E+00  2.1119E+01  2.1119E+01
  9.8175E-02  0.0000E+00  1.9972E+01  1.9972E+01
  1.4726E-01  0.0000E+00  2.0499E+01  2.0499E+01
  1.9635E-01  0.0000E+00  1.9615E+01  1.9615E+01
  2.4544E-01  0.0000E+00  1.8986E+01  1.8986E+01
  2.9452E-01  0.0000E+00  1.8939E+01  1.8939E+01
  3.4361E-01  0.0000E+00  1.8492E+01  1.8492E+01
  3.9270E-01  0.0000E+00  1.8588E+01  1.8588E+01
  4.4179E-01  0.0000E+00  1.8494E+01  1.8494E+01
  4.9087E-01  0.0000E+00  1.8860E+01  1.8860E+01
  5.3996E-01  0.0000E+00  1.9874E+01  1.9874E+01
  5.8905E-01  0.0000E+00  1.9827E+01  1.9827E+01
  6.3814E-01  0.0000E+00  1.9633E+01  1.9633E+01
  6.8722E-01  0.0000E+00  2.0121E+01  2.0121E+01
  7.3631E-01  0.0000E+00  2.0094E+01  2.0094E+01
  7.8540E-01  0.0000E+00  2.0774E+01  2.0774E+01
  8.3449E-01  0.0000E+00  2.1853E+01  2.1853E+01
  8.8357E-01  0.0000E+00  2.2794E+01  2.2794E+01
  9.3266E-01  0.0000E+00  2.3918E+01  2.3918E+01
  9.8175E-01  0.0000E+00  2.4638E+01  2.4638E+01
  1.0308E+00  0.0000E+00  2.5605E+01  2.5605E+01
  1.0799E+00  0.0000E+00  2.6517E+01  2.6517E+01
  1.1290E+00  0.0000E+00  2.6810E+01  2.6810E+01
  1.1781E+00  0.0000E+00  2.7222E+01  2.7222E+01
  1.2272E+00  0.0000E+00  2.7214E+01  2.7214E+01
  1.2763E+00  0.0000E+00  2.8625E+01  2.8625E+01
  1.3254E+00  0.0000E+00  2.7122E+01  2.7122E+01
  1.3744E+00  0.0000E+00  2.7384E+01  2.7384E+01
  1.4235E+00  0.0000E+00  2.6509E+01  2.6509E+01
  1.4726E+00  0.0000E+00  2.5890E+01  2.5890E+01
  1.5217E+00  0.0000E+00  2.4644E+01  2.4644E+01
  1.5708E+00  0.0000E+00  2.2815E+01  2.2815E+01
  1.6199E+00  0.0000E+00  2.2404E+01  2.2404E+01
  1.6690E+00  0.0000E+00  2.0779E+01  2.0779E+01
  1.7181E+00  0.0000E+00  1.9999E+01  1.9999E+01
  1.7671E+00  0.0000E+00  1.8687E+01  1.8687E+01
  1.8162E+00  0.0000E+00  1.6742E+01  1.6742E+01
  1.8653E+00  0.0000E+00  1.5869E+01  1.5869E+01
  1.9144E+00  0.0000E+00  1.5225E+01  1.5225E+01
  1.9635E+00  0.0000E+00  1.4639E+01  1.4639E+01
  2.0126E+00  0.0000E+00  1.4189E+01  1.4189E+01
  2.0617E+00  0.0000E+00  1.3976E+01  1.3976E+01
  2.1108E+00  0.0000E+00  1.3791E+01  1.3791E+01
  2.1598E+00  0.0000E+00  1.3718E+01  1.3718E+01
  2.2089E+00  0.0000E+00  1.3715E+01  1.3715E+01
  2.2580E+00  0.0000E+00  1.3932E+01  1.3932E+01
  2.3071E+00  0.0000E+00  1.4351E+01  1.4351E+01
  2.3562E+00  0.0000E+00  1.5100E+01  1.5100E+01
  2.4053E+00  0.0000E+00  1.5645E+01  1.5645E+01
  2.4544E+00  0.0000E+00  1.5806E+01  1.5806E+01
  2.5035E+00  0.0000E+00  1.6182E+01  1.6182E+01
  2.5525E+00  0.0000E+00  1.6116E+01  1.6116E+01
  2.6016E+00  0.0000E+00  1.6514E+01  1.6514E+01
  2.6507E+00  0.0000E+00  1.6029E+01  1.6029E+01
  2.6998E+00  0.0000E+00  1.5055E+01  1.5055E+01
  2.7489E+00  0.0000E+00  1.4372E+01  1.4372E+01
  2.7980E+00  0.0000E+00  1.3930E+01  1.3930E+01
  2.8471E+00  0.0000E+00  1.4052E+01  1.4052E+01
  2.8962E+00  0.0000E+00  1.3387E+01  1.3387E+01
  2.9452E+00  0.0000E+00  1.3829E+01  1.3829E+01
  2.9943E+00  0.0000E+00  1.4694E+01  1.4694E+01
  3.0434E+00  0.0000E+00  1.4036E+01  1.4036E+01
  3.0925E+00  0.0000E+00  1.6489E+01  1.6489E+01
