# CREATED BY GENE DIAGNOSTICS TOOL on Sat Jan  9 16:28:20 2021
# diag: zprofile, run(s): 0028, time window: 4175.9-4176(1 steps), species: ions
# original data path: /ptmp/jproll/critgrad/TEMgradn/W7XLM/bean/scanfiles0002/
# normalization: L_ref=1.65m
#
# variable A = phi
#  z/qR       <|A|>       <|A|²>^½    <|A²|-|A|²
 -3.1416E+00  0.0000E+00  1.0664E+01  1.0664E+01
 -3.0925E+00  0.0000E+00  1.0165E+01  1.0165E+01
 -3.0434E+00  0.0000E+00  9.3652E+00  9.3652E+00
 -2.9943E+00  0.0000E+00  9.0148E+00  9.0148E+00
 -2.9452E+00  0.0000E+00  8.2506E+00  8.2506E+00
 -2.8962E+00  0.0000E+00  7.4478E+00  7.4478E+00
 -2.8471E+00  0.0000E+00  7.2297E+00  7.2297E+00
 -2.7980E+00  0.0000E+00  6.9715E+00  6.9715E+00
 -2.7489E+00  0.0000E+00  6.8445E+00  6.8445E+00
 -2.6998E+00  0.0000E+00  6.7689E+00  6.7689E+00
 -2.6507E+00  0.0000E+00  6.8420E+00  6.8420E+00
 -2.6016E+00  0.0000E+00  6.9041E+00  6.9041E+00
 -2.5525E+00  0.0000E+00  6.7721E+00  6.7721E+00
 -2.5035E+00  0.0000E+00  6.8846E+00  6.8846E+00
 -2.4544E+00  0.0000E+00  7.0865E+00  7.0865E+00
 -2.4053E+00  0.0000E+00  7.4577E+00  7.4577E+00
 -2.3562E+00  0.0000E+00  7.8142E+00  7.8142E+00
 -2.3071E+00  0.0000E+00  8.0802E+00  8.0802E+00
 -2.2580E+00  0.0000E+00  8.5236E+00  8.5236E+00
 -2.2089E+00  0.0000E+00  9.0387E+00  9.0387E+00
 -2.1598E+00  0.0000E+00  9.5564E+00  9.5564E+00
 -2.1108E+00  0.0000E+00  1.0076E+01  1.0076E+01
 -2.0617E+00  0.0000E+00  1.0629E+01  1.0629E+01
 -2.0126E+00  0.0000E+00  1.1220E+01  1.1220E+01
 -1.9635E+00  0.0000E+00  1.1932E+01  1.1932E+01
 -1.9144E+00  0.0000E+00  1.2673E+01  1.2673E+01
 -1.8653E+00  0.0000E+00  1.3332E+01  1.3332E+01
 -1.8162E+00  0.0000E+00  1.4230E+01  1.4230E+01
 -1.7671E+00  0.0000E+00  1.6041E+01  1.6041E+01
 -1.7181E+00  0.0000E+00  1.8413E+01  1.8413E+01
 -1.6690E+00  0.0000E+00  2.1513E+01  2.1513E+01
 -1.6199E+00  0.0000E+00  2.5121E+01  2.5121E+01
 -1.5708E+00  0.0000E+00  2.8851E+01  2.8851E+01
 -1.5217E+00  0.0000E+00  3.1707E+01  3.1707E+01
 -1.4726E+00  0.0000E+00  3.3703E+01  3.3703E+01
 -1.4235E+00  0.0000E+00  3.4881E+01  3.4881E+01
 -1.3744E+00  0.0000E+00  3.5234E+01  3.5234E+01
 -1.3254E+00  0.0000E+00  3.4833E+01  3.4833E+01
 -1.2763E+00  0.0000E+00  3.3667E+01  3.3667E+01
 -1.2272E+00  0.0000E+00  3.2138E+01  3.2138E+01
 -1.1781E+00  0.0000E+00  3.0001E+01  3.0001E+01
 -1.1290E+00  0.0000E+00  2.7789E+01  2.7789E+01
 -1.0799E+00  0.0000E+00  2.5709E+01  2.5709E+01
 -1.0308E+00  0.0000E+00  2.3720E+01  2.3720E+01
 -9.8175E-01  0.0000E+00  2.1912E+01  2.1912E+01
 -9.3266E-01  0.0000E+00  2.0927E+01  2.0927E+01
 -8.8357E-01  0.0000E+00  2.0428E+01  2.0428E+01
 -8.3449E-01  0.0000E+00  2.0528E+01  2.0528E+01
 -7.8540E-01  0.0000E+00  2.0993E+01  2.0993E+01
 -7.3631E-01  0.0000E+00  2.1610E+01  2.1610E+01
 -6.8722E-01  0.0000E+00  2.3261E+01  2.3261E+01
 -6.3814E-01  0.0000E+00  2.5901E+01  2.5901E+01
 -5.8905E-01  0.0000E+00  3.0438E+01  3.0438E+01
 -5.3996E-01  0.0000E+00  3.6436E+01  3.6436E+01
 -4.9087E-01  0.0000E+00  4.2511E+01  4.2511E+01
 -4.4179E-01  0.0000E+00  4.9686E+01  4.9686E+01
 -3.9270E-01  0.0000E+00  5.7465E+01  5.7465E+01
 -3.4361E-01  0.0000E+00  6.4482E+01  6.4482E+01
 -2.9452E-01  0.0000E+00  7.1717E+01  7.1717E+01
 -2.4544E-01  0.0000E+00  7.7059E+01  7.7059E+01
 -1.9635E-01  0.0000E+00  8.4013E+01  8.4013E+01
 -1.4726E-01  0.0000E+00  9.0405E+01  9.0405E+01
 -9.8175E-02  0.0000E+00  9.3169E+01  9.3169E+01
 -4.9087E-02  0.0000E+00  9.8177E+01  9.8177E+01
  0.0000E+00  0.0000E+00  9.9188E+01  9.9188E+01
  4.9087E-02  0.0000E+00  9.8190E+01  9.8190E+01
  9.8175E-02  0.0000E+00  9.3195E+01  9.3195E+01
  1.4726E-01  0.0000E+00  9.0453E+01  9.0453E+01
  1.9635E-01  0.0000E+00  8.4079E+01  8.4079E+01
  2.4544E-01  0.0000E+00  7.7151E+01  7.7151E+01
  2.9452E-01  0.0000E+00  7.1820E+01  7.1820E+01
  3.4361E-01  0.0000E+00  6.4594E+01  6.4594E+01
  3.9270E-01  0.0000E+00  5.7569E+01  5.7569E+01
  4.4179E-01  0.0000E+00  4.9784E+01  4.9784E+01
  4.9087E-01  0.0000E+00  4.2622E+01  4.2622E+01
  5.3996E-01  0.0000E+00  3.6416E+01  3.6416E+01
  5.8905E-01  0.0000E+00  3.0155E+01  3.0155E+01
  6.3814E-01  0.0000E+00  2.5504E+01  2.5504E+01
  6.8722E-01  0.0000E+00  2.2660E+01  2.2660E+01
  7.3631E-01  0.0000E+00  2.0637E+01  2.0637E+01
  7.8540E-01  0.0000E+00  1.9830E+01  1.9830E+01
  8.3449E-01  0.0000E+00  1.8909E+01  1.8909E+01
  8.8357E-01  0.0000E+00  1.7902E+01  1.7902E+01
  9.3266E-01  0.0000E+00  1.6995E+01  1.6995E+01
  9.8175E-01  0.0000E+00  1.6124E+01  1.6124E+01
  1.0308E+00  0.0000E+00  1.5845E+01  1.5845E+01
  1.0799E+00  0.0000E+00  1.5528E+01  1.5528E+01
  1.1290E+00  0.0000E+00  1.5290E+01  1.5290E+01
  1.1781E+00  0.0000E+00  1.4964E+01  1.4964E+01
  1.2272E+00  0.0000E+00  1.5231E+01  1.5231E+01
  1.2763E+00  0.0000E+00  1.5965E+01  1.5965E+01
  1.3254E+00  0.0000E+00  1.5964E+01  1.5964E+01
  1.3744E+00  0.0000E+00  1.6657E+01  1.6657E+01
  1.4235E+00  0.0000E+00  1.7404E+01  1.7404E+01
  1.4726E+00  0.0000E+00  1.8049E+01  1.8049E+01
  1.5217E+00  0.0000E+00  1.8228E+01  1.8228E+01
  1.5708E+00  0.0000E+00  1.8070E+01  1.8070E+01
  1.6199E+00  0.0000E+00  1.8381E+01  1.8381E+01
  1.6690E+00  0.0000E+00  1.7821E+01  1.7821E+01
  1.7181E+00  0.0000E+00  1.6743E+01  1.6743E+01
  1.7671E+00  0.0000E+00  1.5435E+01  1.5435E+01
  1.8162E+00  0.0000E+00  1.4191E+01  1.4191E+01
  1.8653E+00  0.0000E+00  1.3486E+01  1.3486E+01
  1.9144E+00  0.0000E+00  1.2876E+01  1.2876E+01
  1.9635E+00  0.0000E+00  1.2158E+01  1.2158E+01
  2.0126E+00  0.0000E+00  1.1457E+01  1.1457E+01
  2.0617E+00  0.0000E+00  1.0867E+01  1.0867E+01
  2.1108E+00  0.0000E+00  1.0317E+01  1.0317E+01
  2.1598E+00  0.0000E+00  9.7941E+00  9.7941E+00
  2.2089E+00  0.0000E+00  9.2700E+00  9.2700E+00
  2.2580E+00  0.0000E+00  8.7479E+00  8.7479E+00
  2.3071E+00  0.0000E+00  8.3051E+00  8.3051E+00
  2.3562E+00  0.0000E+00  8.0552E+00  8.0552E+00
  2.4053E+00  0.0000E+00  7.7187E+00  7.7187E+00
  2.4544E+00  0.0000E+00  7.3519E+00  7.3519E+00
  2.5035E+00  0.0000E+00  7.1607E+00  7.1607E+00
  2.5525E+00  0.0000E+00  7.0423E+00  7.0423E+00
  2.6016E+00  0.0000E+00  7.1678E+00  7.1678E+00
  2.6507E+00  0.0000E+00  7.0919E+00  7.0919E+00
  2.6998E+00  0.0000E+00  6.9512E+00  6.9512E+00
  2.7489E+00  0.0000E+00  6.9715E+00  6.9715E+00
  2.7980E+00  0.0000E+00  7.0712E+00  7.0712E+00
  2.8471E+00  0.0000E+00  7.3418E+00  7.3418E+00
  2.8962E+00  0.0000E+00  7.5632E+00  7.5632E+00
  2.9452E+00  0.0000E+00  8.3629E+00  8.3629E+00
  2.9943E+00  0.0000E+00  9.1408E+00  9.1408E+00
  3.0434E+00  0.0000E+00  9.4632E+00  9.4632E+00
  3.0925E+00  0.0000E+00  1.0174E+01  1.0174E+01
