2.4298420153
2.26087522
2.0849826709
1.9075968832
1.6554153772
1.4986072231
1.399926644
1.302833265
1.2795933616
1.2997400242
1.3601780356
1.4844339657
1.6036984455
1.7349063217
1.8826759235
2.0486424191
2.2234914854
2.3613313224
2.4348303462
2.3719130722
2.1455869496
1.8064659194
1.4334775146
1.0775053088
0.79390567864
0.61453074766
0.5549821335
0.62184082521
0.78160973267
0.99198391719
1.2128130403
1.3760497921
1.4639064102
1.5475323149
1.6112325576
1.715569584
1.9027510966
2.1023499246
2.3873495377
2.6250815901
2.9686126767
3.2350895615
3.4701949273
3.5853165292
3.6395333029
3.6588609595
3.5479805533
3.3697326866
3.0946821738
2.7582164212
2.4348980571
2.0588283611
1.6972753261
1.3905294078
1.1050445447
0.87101861176
0.69998584597
0.56869979524
0.47747458149
0.40588617577
0.34854007973
0.30413696757
0.26865014759
0.24776036889
0.23985143122
0.24776036889
0.26865014759
0.30413696757
0.34854007973
0.40588617577
0.47747458149
0.56869979524
0.69998584597
0.87101861176
1.1050445447
1.3905294078
1.6972753261
2.0588283611
2.4348980571
2.7582164212
3.0946821738
3.3697326866
3.5479805533
3.6588609595
3.6395333029
3.5853165292
3.4701949273
3.2350895615
2.9686126767
2.6250815901
2.3873495377
2.1023499246
1.9027510966
1.715569584
1.6112325576
1.5475323149
1.4639064102
1.3760497921
1.2128130403
0.99198391719
0.78160973267
0.62184082521
0.5549821335
0.61453074766
0.79390567864
1.0775053088
1.4334775146
1.8064659194
2.1455869496
2.3719130722
2.4348303462
2.3613313224
2.2234914854
2.0486424191
1.8826759235
1.7349063217
1.6036984455
1.4844339657
1.3601780356
1.2997400242
1.2795933616
1.302833265
1.399926644
1.4986072231
1.6554153772
1.9075968832
2.0849826709
2.26087522
