#Run  | omn       1  | kymin     1  /Eigenvalue1            
0001  | 3.000000e-01 | 6.000000e-01 | -0.00 -0.02
0002  | 6.000000e-01 | 6.000000e-01 |  0.03 -0.06
0003  | 8.000000e-01 | 6.000000e-01 |  0.04 -0.08
0004  | 1.000000e+00 | 6.000000e-01 |  0.04 -0.08
0005  | 1.200000e+00 | 6.000000e-01 |  0.05 -0.08
0006  | 1.500000e+00 | 6.000000e-01 |  0.07 -0.09
0007  | 2.000000e+00 | 6.000000e-01 |  0.09 -0.26
0008  | 3.000000e+00 | 6.000000e-01 |  0.15 -0.32
0009  | 4.000000e+00 | 6.000000e-01 |  0.24 -0.56
0010  | 5.000000e+00 | 6.000000e-01 |  0.32 -0.59
0011  | 6.000000e+00 | 6.000000e-01 |  0.40 -0.62
0012  | 3.000000e-01 | 8.000000e-01 |  0.00 -0.03
0013  | 6.000000e-01 | 8.000000e-01 |  0.03 -0.04
0014  | 8.000000e-01 | 8.000000e-01 |  0.04 -0.05
0015  | 1.000000e+00 | 8.000000e-01 |  0.05 -0.05
0016  | 1.200000e+00 | 8.000000e-01 |  0.06 -0.07
0017  | 1.500000e+00 | 8.000000e-01 |  0.08 -0.14
0018  | 2.000000e+00 | 8.000000e-01 |  0.13 -0.18
0019  | 3.000000e+00 | 8.000000e-01 |  0.19 -0.23
0020  | 4.000000e+00 | 8.000000e-01 |  0.24 -0.29
0021  | 5.000000e+00 | 8.000000e-01 |  0.36 -1.80
0022  | 6.000000e+00 | 8.000000e-01 |  0.50 -2.05
0023  | 3.000000e-01 | 1.000000e+00 |  0.01 -0.04
0024  | 6.000000e-01 | 1.000000e+00 |  0.03 -0.04
0025  | 8.000000e-01 | 1.000000e+00 |  0.05 -0.04
0026  | 1.000000e+00 | 1.000000e+00 |  0.06 -0.27
0027  | 1.200000e+00 | 1.000000e+00 |  0.09 -0.33
0028  | 1.500000e+00 | 1.000000e+00 |   NaN   NaN
0029  | 2.000000e+00 | 1.000000e+00 |  0.16 -0.12
0030  | 3.000000e+00 | 1.000000e+00 |  0.24 -0.14
0031  | 4.000000e+00 | 1.000000e+00 |  0.30 -0.15
0032  | 5.000000e+00 | 1.000000e+00 |  0.43 -1.58
0033  | 6.000000e+00 | 1.000000e+00 |  0.59 -1.79
0034  | 3.000000e-01 | 1.200000e+00 |  0.02 -0.03
0035  | 6.000000e-01 | 1.200000e+00 |  0.04 -0.14
0036  | 8.000000e-01 | 1.200000e+00 |  0.09 -0.19
0037  | 1.000000e+00 | 1.200000e+00 |  0.12 -0.24
0038  | 1.200000e+00 | 1.200000e+00 |  0.15 -0.29
0039  | 1.500000e+00 | 1.200000e+00 |  0.18 -0.36
0040  | 2.000000e+00 | 1.200000e+00 |  0.22 -0.47
0041  | 3.000000e+00 | 1.200000e+00 |  0.27 -0.19
0042  | 4.000000e+00 | 1.200000e+00 |  0.34 -0.22
0043  | 5.000000e+00 | 1.200000e+00 |  0.44 -1.30
0044  | 6.000000e+00 | 1.200000e+00 |  0.62 -1.47
