0001  | 0.000000e+00 | 5.000000e-02 |  0.0090  0.0080
0002  | 1.000000e-03 | 5.000000e-02 |     NaN     NaN
0003  | 2.000000e-03 | 5.000000e-02 |  0.0120  0.0130
0004  | 3.000000e-03 | 5.000000e-02 |  0.0170  0.0170
0005  | 4.000000e-03 | 5.000000e-02 |  0.0250  0.0240
0006  | 5.000000e-03 | 5.000000e-02 |  0.0490  0.0470
0007  | 0.000000e+00 | 1.000000e-01 |     NaN     NaN
0008  | 1.000000e-03 | 1.000000e-01 |     NaN     NaN
0009  | 2.000000e-03 | 1.000000e-01 |     NaN     NaN
0010  | 3.000000e-03 | 1.000000e-01 |  0.0270  0.0240
0011  | 4.000000e-03 | 1.000000e-01 |  0.0340  0.0330
0012  | 5.000000e-03 | 1.000000e-01 |  0.0410  0.0520
0013  | 0.000000e+00 | 1.500000e-01 |     NaN     NaN
0014  | 1.000000e-03 | 1.500000e-01 |     NaN     NaN
0015  | 2.000000e-03 | 1.500000e-01 |     NaN     NaN
0016  | 3.000000e-03 | 1.500000e-01 |     NaN     NaN
0017  | 4.000000e-03 | 1.500000e-01 |     NaN     NaN
0018  | 5.000000e-03 | 1.500000e-01 |     NaN     NaN
0019  | 0.000000e+00 | 2.000000e-01 |     NaN     NaN
0020  | 1.000000e-03 | 2.000000e-01 |     NaN     NaN
0021  | 2.000000e-03 | 2.000000e-01 |     NaN     NaN
0022  | 3.000000e-03 | 2.000000e-01 |  0.0500  0.0870
0023  | 4.000000e-03 | 2.000000e-01 |  0.0510  0.0870
0024  | 5.000000e-03 | 2.000000e-01 |  0.0520  0.0890
0025  | 0.000000e+00 | 2.500000e-01 |     NaN     NaN
0026  | 1.000000e-03 | 2.500000e-01 |     NaN     NaN
0027  | 2.000000e-03 | 2.500000e-01 |     NaN     NaN
0028  | 3.000000e-03 | 2.500000e-01 |     NaN     NaN
0029  | 4.000000e-03 | 2.500000e-01 |     NaN     NaN
0030  | 5.000000e-03 | 2.500000e-01 |     NaN     NaN
0031  | 0.000000e+00 | 3.000000e-01 |     NaN     NaN
0032  | 1.000000e-03 | 3.000000e-01 |     NaN     NaN
0033  | 2.000000e-03 | 3.000000e-01 |     NaN     NaN
0034  | 3.000000e-03 | 3.000000e-01 |     NaN     NaN
0035  | 4.000000e-03 | 3.000000e-01 |     NaN     NaN
0036  | 5.000000e-03 | 3.000000e-01 |     NaN     NaN
0037  | 0.000000e+00 | 3.500000e-01 |  0.0900  0.1780
0038  | 1.000000e-03 | 3.500000e-01 |  0.0870  0.1820
0039  | 2.000000e-03 | 3.500000e-01 |  0.0870  0.1850
0040  | 3.000000e-03 | 3.500000e-01 |  0.0860  0.1860
0041  | 4.000000e-03 | 3.500000e-01 |     NaN     NaN
0042  | 5.000000e-03 | 3.500000e-01 |     NaN     NaN
0043  | 0.000000e+00 | 4.000000e-01 |  0.1000  0.1970
0044  | 1.000000e-03 | 4.000000e-01 |  0.0970  0.2010
0045  | 2.000000e-03 | 4.000000e-01 |  0.0950  0.2040
0046  | 3.000000e-03 | 4.000000e-01 |  0.0950  0.2060
0047  | 4.000000e-03 | 4.000000e-01 |  0.0940  0.2090
0048  | 5.000000e-03 | 4.000000e-01 |  0.0940  0.2110
0049  | 0.000000e+00 | 4.500000e-01 |  0.1100  0.2230
0050  | 1.000000e-03 | 4.500000e-01 |  0.1050  0.2250
0051  | 2.000000e-03 | 4.500000e-01 |  0.1030  0.2270
0052  | 3.000000e-03 | 4.500000e-01 |     NaN     NaN
0053  | 4.000000e-03 | 4.500000e-01 |     NaN     NaN
0054  | 5.000000e-03 | 4.500000e-01 |     NaN     NaN
0055  | 0.000000e+00 | 5.000000e-01 |  0.1190  0.2580
0056  | 1.000000e-03 | 5.000000e-01 |  0.1090  0.2600
0057  | 2.000000e-03 | 5.000000e-01 |  0.1060  0.2580
0058  | 3.000000e-03 | 5.000000e-01 |     NaN     NaN
0059  | 4.000000e-03 | 5.000000e-01 |     NaN     NaN
0060  | 5.000000e-03 | 5.000000e-01 |     NaN     NaN
0061  | 0.000000e+00 | 5.500000e-01 |  0.1380  0.2900
0062  | 1.000000e-03 | 5.500000e-01 |  0.1280  0.2960
0063  | 2.000000e-03 | 5.500000e-01 |  0.1200  0.3020
0064  | 3.000000e-03 | 5.500000e-01 |  0.1110  0.3130
0065  | 4.000000e-03 | 5.500000e-01 |  0.1140  0.3240
0066  | 5.000000e-03 | 5.500000e-01 |  0.1150  0.3320
0067  | 0.000000e+00 | 6.000000e-01 |  0.1520  0.3170
0068  | 1.000000e-03 | 6.000000e-01 |  0.1420  0.3240
0069  | 2.000000e-03 | 6.000000e-01 |  0.1370  0.3310
0070  | 3.000000e-03 | 6.000000e-01 |  0.1330  0.3380
0071  | 4.000000e-03 | 6.000000e-01 |  0.1310  0.3450
0072  | 5.000000e-03 | 6.000000e-01 |  0.1310  0.3520
0073  | 0.000000e+00 | 6.500000e-01 |  0.1630  0.3450
0074  | 1.000000e-03 | 6.500000e-01 |  0.1540  0.3520
0075  | 2.000000e-03 | 6.500000e-01 |  0.1500  0.3580
0076  | 3.000000e-03 | 6.500000e-01 |  0.1470  0.3640
0077  | 4.000000e-03 | 6.500000e-01 |  0.1450  0.3700
0078  | 5.000000e-03 | 6.500000e-01 |  0.1440  0.3760
0079  | 0.000000e+00 | 7.000000e-01 |  0.1720  0.3730
0080  | 1.000000e-03 | 7.000000e-01 |  0.1640  0.3790
0081  | 2.000000e-03 | 7.000000e-01 |  0.1610  0.3840
0082  | 3.000000e-03 | 7.000000e-01 |  0.1580  0.3890
0083  | 4.000000e-03 | 7.000000e-01 |  0.1560  0.3940
0084  | 5.000000e-03 | 7.000000e-01 |  0.1540  0.3990
0085  | 0.000000e+00 | 7.500000e-01 |  0.1790  0.4000
0086  | 1.000000e-03 | 7.500000e-01 |  0.1730  0.4040
0087  | 2.000000e-03 | 7.500000e-01 |  0.1690  0.4090
0088  | 3.000000e-03 | 7.500000e-01 |  0.1660  0.4130
0089  | 4.000000e-03 | 7.500000e-01 |  0.1630  0.4160
0090  | 5.000000e-03 | 7.500000e-01 |  0.1610  0.4200
0091  | 0.000000e+00 | 8.000000e-01 |  0.1850  0.4260
0092  | 1.000000e-03 | 8.000000e-01 |  0.1780  0.4280
0093  | 2.000000e-03 | 8.000000e-01 |  0.1740  0.4320
0094  | 3.000000e-03 | 8.000000e-01 |  0.1710  0.4350
0095  | 4.000000e-03 | 8.000000e-01 |  0.1680  0.4380
0096  | 5.000000e-03 | 8.000000e-01 |  0.1640  0.4410
