0001  | 6.000000e-03 | 5.000000e-02 |     NaN     NaN
0002  | 7.000000e-03 | 5.000000e-02 |     NaN     NaN
0003  | 8.000000e-03 | 5.000000e-02 |     NaN     NaN
0004  | 9.000000e-03 | 5.000000e-02 |     NaN     NaN
0005  | 1.000000e-02 | 5.000000e-02 |     NaN     NaN
0006  | 1.100000e-02 | 5.000000e-02 |  0.0300  0.0290
0007  | 6.000000e-03 | 1.000000e-01 |     NaN     NaN
0008  | 7.000000e-03 | 1.000000e-01 |     NaN     NaN
0009  | 8.000000e-03 | 1.000000e-01 |     NaN     NaN
0010  | 9.000000e-03 | 1.000000e-01 |     NaN     NaN
0011  | 1.000000e-02 | 1.000000e-01 |  0.0250  0.0240
0012  | 1.100000e-02 | 1.000000e-01 |  0.0300  0.0320
0013  | 6.000000e-03 | 1.500000e-01 |  0.0280  0.0820
0014  | 7.000000e-03 | 1.500000e-01 |  0.0280  0.0820
0015  | 8.000000e-03 | 1.500000e-01 |  0.0290  0.0830
0016  | 9.000000e-03 | 1.500000e-01 |     NaN     NaN
0017  | 1.000000e-02 | 1.500000e-01 |     NaN     NaN
0018  | 1.100000e-02 | 1.500000e-01 |     NaN     NaN
0019  | 6.000000e-03 | 2.000000e-01 |     NaN     NaN
0020  | 7.000000e-03 | 2.000000e-01 |     NaN     NaN
0021  | 8.000000e-03 | 2.000000e-01 |     NaN     NaN
0022  | 9.000000e-03 | 2.000000e-01 |  0.0450  0.0910
0023  | 1.000000e-02 | 2.000000e-01 |  0.0460  0.0920
0024  | 1.100000e-02 | 2.000000e-01 |  0.0460  0.0930
0025  | 6.000000e-03 | 2.500000e-01 |     NaN     NaN
0026  | 7.000000e-03 | 2.500000e-01 |     NaN     NaN
0027  | 8.000000e-03 | 2.500000e-01 |     NaN     NaN
0028  | 9.000000e-03 | 2.500000e-01 |     NaN     NaN
0029  | 1.000000e-02 | 2.500000e-01 |     NaN     NaN
0030  | 1.100000e-02 | 2.500000e-01 |     NaN     NaN
0031  | 6.000000e-03 | 3.000000e-01 |  0.0680  0.1680
0032  | 7.000000e-03 | 3.000000e-01 |  0.0690  0.1690
0033  | 8.000000e-03 | 3.000000e-01 |     NaN     NaN
0034  | 9.000000e-03 | 3.000000e-01 |     NaN     NaN
0035  | 1.000000e-02 | 3.000000e-01 |     NaN     NaN
0036  | 1.100000e-02 | 3.000000e-01 |     NaN     NaN
0037  | 6.000000e-03 | 3.500000e-01 |  0.0780  0.1840
0038  | 7.000000e-03 | 3.500000e-01 |  0.0780  0.1860
0039  | 8.000000e-03 | 3.500000e-01 |  0.0780  0.1870
0040  | 9.000000e-03 | 3.500000e-01 |  0.0790  0.1890
0041  | 1.000000e-02 | 3.500000e-01 |  0.0790  0.1900
0042  | 1.100000e-02 | 3.500000e-01 |  0.0790  0.1920
0043  | 6.000000e-03 | 4.000000e-01 |     NaN     NaN
0044  | 7.000000e-03 | 4.000000e-01 |     NaN     NaN
0045  | 8.000000e-03 | 4.000000e-01 |     NaN     NaN
0046  | 9.000000e-03 | 4.000000e-01 |     NaN     NaN
0047  | 1.000000e-02 | 4.000000e-01 |     NaN     NaN
0048  | 1.100000e-02 | 4.000000e-01 |     NaN     NaN
0049  | 6.000000e-03 | 4.500000e-01 |     NaN     NaN
0050  | 7.000000e-03 | 4.500000e-01 |     NaN     NaN
0051  | 8.000000e-03 | 4.500000e-01 |     NaN     NaN
0052  | 9.000000e-03 | 4.500000e-01 |     NaN     NaN
0053  | 1.000000e-02 | 4.500000e-01 |     NaN     NaN
0054  | 1.100000e-02 | 4.500000e-01 |     NaN     NaN
0055  | 6.000000e-03 | 5.000000e-01 |     NaN     NaN
0056  | 7.000000e-03 | 5.000000e-01 |     NaN     NaN
0057  | 8.000000e-03 | 5.000000e-01 |     NaN     NaN
0058  | 9.000000e-03 | 5.000000e-01 |     NaN     NaN
0059  | 1.000000e-02 | 5.000000e-01 |     NaN     NaN
0060  | 1.100000e-02 | 5.000000e-01 |     NaN     NaN
0061  | 6.000000e-03 | 5.500000e-01 |  0.1080  0.3010
0062  | 7.000000e-03 | 5.500000e-01 |  0.1030  0.3090
0063  | 8.000000e-03 | 5.500000e-01 |  0.1060  0.3190
0064  | 9.000000e-03 | 5.500000e-01 |  0.1080  0.3240
0065  | 1.000000e-02 | 5.500000e-01 |  0.1090  0.3290
0066  | 1.100000e-02 | 5.500000e-01 |  0.1100  0.3340
0067  | 6.000000e-03 | 6.000000e-01 |  0.1250  0.3260
0068  | 7.000000e-03 | 6.000000e-01 |  0.1240  0.3310
0069  | 8.000000e-03 | 6.000000e-01 |  0.1230  0.3360
0070  | 9.000000e-03 | 6.000000e-01 |  0.1220  0.3420
0071  | 1.000000e-02 | 6.000000e-01 |  0.1230  0.3470
0072  | 1.100000e-02 | 6.000000e-01 |  0.1230  0.3530
0073  | 6.000000e-03 | 6.500000e-01 |  0.1390  0.3520
0074  | 7.000000e-03 | 6.500000e-01 |  0.1380  0.3560
0075  | 8.000000e-03 | 6.500000e-01 |  0.1370  0.3600
0076  | 9.000000e-03 | 6.500000e-01 |  0.1360  0.3640
0077  | 1.000000e-02 | 6.500000e-01 |  0.1360  0.3690
0078  | 1.100000e-02 | 6.500000e-01 |  0.1350  0.3740
0079  | 6.000000e-03 | 7.000000e-01 |  0.1500  0.3760
0080  | 7.000000e-03 | 7.000000e-01 |  0.1490  0.3790
0081  | 8.000000e-03 | 7.000000e-01 |  0.1480  0.3830
0082  | 9.000000e-03 | 7.000000e-01 |  0.1470  0.3860
0083  | 1.000000e-02 | 7.000000e-01 |  0.1460  0.3900
0084  | 1.100000e-02 | 7.000000e-01 |  0.1450  0.3950
0085  | 6.000000e-03 | 7.500000e-01 |  0.1600  0.3980
0086  | 7.000000e-03 | 7.500000e-01 |  0.1590  0.4010
0087  | 8.000000e-03 | 7.500000e-01 |  0.1570  0.4040
0088  | 9.000000e-03 | 7.500000e-01 |  0.1560  0.4070
0089  | 1.000000e-02 | 7.500000e-01 |  0.1540  0.4110
0090  | 1.100000e-02 | 7.500000e-01 |  0.1520  0.4150
0091  | 6.000000e-03 | 8.000000e-01 |  0.1670  0.4190
0092  | 7.000000e-03 | 8.000000e-01 |  0.1650  0.4220
0093  | 8.000000e-03 | 8.000000e-01 |  0.1630  0.4250
0094  | 9.000000e-03 | 8.000000e-01 |  0.1620  0.4280
0095  | 1.000000e-02 | 8.000000e-01 |  0.1600  0.4310
0096  | 1.100000e-02 | 8.000000e-01 |  0.1580  0.4350
