0001  | 1.000000e-02 |     NaN     NaN
0002  | 2.000000e-02 |     NaN     NaN
0003  | 3.000000e-02 |     NaN     NaN
0004  | 4.000000e-02 |     NaN     NaN
0005  | 5.000000e-02 |  0.0150  0.0650
0006  | 6.000000e-02 |  0.0190  0.0660
0007  | 7.000000e-02 |  0.0240  0.0660
0008  | 8.000000e-02 |  0.0290  0.0670
0009  | 9.000000e-02 |  0.0330  0.0690
0010  | 1.000000e-01 |  0.0370  0.0700
0011  | 1.200000e-01 |  0.0440  0.0750
0012  | 1.400000e-01 |  0.0490  0.0780
0013  | 1.600000e-01 |  0.0550  0.0830
0014  | 1.800000e-01 |  0.0600  0.0890
0015  | 2.000000e-01 |     NaN     NaN
0016  | 2.200000e-01 |     NaN     NaN
0017  | 2.400000e-01 |  0.0770  0.1570
0018  | 2.600000e-01 |     NaN     NaN
0019  | 2.800000e-01 |     NaN     NaN
0020  | 3.000000e-01 |     NaN     NaN
0021  | 4.000000e-01 |  0.1150  0.2850
0022  | 5.000000e-01 |  0.1560  0.3390
0023  | 6.000000e-01 |  0.1810  0.4110
0024  | 7.000000e-01 |  0.1910  0.4840
0025  | 8.000000e-01 |  0.1860  0.5590
0026  | 9.000000e-01 |  0.1610  0.6390
