#Run  | omn       1  | kymin     1  /Eigenvalue1            
0001  | 1.000000e-01 | 6.000000e-01 |  0.0060 -0.0040
0002  | 2.000000e-01 | 6.000000e-01 |  0.0150 -0.0090
0003  | 3.000000e-01 | 6.000000e-01 |  0.0250 -0.0140
0004  | 4.000000e-01 | 6.000000e-01 |  0.0330 -0.0160
0005  | 5.000000e-01 | 6.000000e-01 |  0.0420 -0.0160
0006  | 6.000000e-01 | 6.000000e-01 |  0.0510 -0.0150
0007  | 7.000000e-01 | 6.000000e-01 |  0.0590 -0.0140
0008  | 8.000000e-01 | 6.000000e-01 |  0.0670 -0.0130
0009  | 9.000000e-01 | 6.000000e-01 |  0.0740 -0.0120
0010  | 1.000000e+00 | 6.000000e-01 |  0.0810 -0.0120
0011  | 1.500000e+00 | 6.000000e-01 |  0.1130 -0.0110
0012  | 2.000000e+00 | 6.000000e-01 |  0.1410  0.0010
0013  | 2.500000e+00 | 6.000000e-01 |  0.1700  0.0060
0014  | 3.000000e+00 | 6.000000e-01 |  0.1960  0.0130
0015  | 4.000000e+00 | 6.000000e-01 |  0.2440  0.0130
0016  | 5.000000e+00 | 6.000000e-01 |  0.3330 -1.0520
0017  | 6.000000e+00 | 6.000000e-01 |  0.4390 -1.1660
0018  | 1.000000e-01 | 8.000000e-01 |  0.0070 -0.0040
0019  | 2.000000e-01 | 8.000000e-01 |  0.0180 -0.0060
0020  | 3.000000e-01 | 8.000000e-01 |  0.0300 -0.0090
0021  | 4.000000e-01 | 8.000000e-01 |  0.0410 -0.0100
0022  | 5.000000e-01 | 8.000000e-01 |  0.0510 -0.0080
0023  | 6.000000e-01 | 8.000000e-01 |  0.0610 -0.0040
0024  | 7.000000e-01 | 8.000000e-01 |  0.0710 -0.0000
0025  | 8.000000e-01 | 8.000000e-01 |  0.0810  0.0040
0026  | 9.000000e-01 | 8.000000e-01 |  0.0900  0.0070
0027  | 1.000000e+00 | 8.000000e-01 |  0.0990  0.0110
0028  | 1.500000e+00 | 8.000000e-01 |  0.1400  0.0280
0029  | 2.000000e+00 | 8.000000e-01 |  0.1790  0.0410
0030  | 2.500000e+00 | 8.000000e-01 |  0.2150  0.0530
0031  | 3.000000e+00 | 8.000000e-01 |  0.2480  0.0630
0032  | 4.000000e+00 | 8.000000e-01 |  0.3090  0.0780
0033  | 5.000000e+00 | 8.000000e-01 |  0.3640  0.0890
0034  | 6.000000e+00 | 8.000000e-01 |  0.4130  0.0960
0035  | 1.000000e-01 | 1.000000e+00 |  0.0070 -0.0020
0036  | 2.000000e-01 | 1.000000e+00 |  0.0190 -0.0020
0037  | 3.000000e-01 | 1.000000e+00 |  0.0300 -0.0010
0038  | 4.000000e-01 | 1.000000e+00 |  0.0430 -0.0020
0039  | 5.000000e-01 | 1.000000e+00 |  0.0540  0.0040
0040  | 6.000000e-01 | 1.000000e+00 |  0.0650  0.0110
0041  | 7.000000e-01 | 1.000000e+00 |  0.0750  0.0180
0042  | 8.000000e-01 | 1.000000e+00 |  0.0850  0.0260
0043  | 9.000000e-01 | 1.000000e+00 |  0.0950  0.0330
0044  | 1.000000e+00 | 1.000000e+00 |  0.1040  0.0410
0045  | 1.500000e+00 | 1.000000e+00 |  0.1460  0.0800
0046  | 2.000000e+00 | 1.000000e+00 |  0.1830  0.1200
0047  | 2.500000e+00 | 1.000000e+00 |  0.2180  0.1560
0048  | 3.000000e+00 | 1.000000e+00 |  0.2510  0.1890
0049  | 4.000000e+00 | 1.000000e+00 |  0.3090  0.2490
0050  | 5.000000e+00 | 1.000000e+00 |  0.3570  0.2990
0051  | 6.000000e+00 | 1.000000e+00 |  0.4630 -2.9120
0052  | 1.000000e-01 | 1.200000e+00 |  0.0060  0.0000
0053  | 2.000000e-01 | 1.200000e+00 |  0.0180  0.0020
0054  | 3.000000e-01 | 1.200000e+00 |  0.0300 -0.0020
0055  | 4.000000e-01 | 1.200000e+00 |  0.0440  0.0040
0056  | 5.000000e-01 | 1.200000e+00 |  0.0550  0.0140
0057  | 6.000000e-01 | 1.200000e+00 |  0.0650  0.0250
0058  | 7.000000e-01 | 1.200000e+00 |  0.0750  0.0360
0059  | 8.000000e-01 | 1.200000e+00 |  0.0840  0.0480
0060  | 9.000000e-01 | 1.200000e+00 |  0.0940  0.0600
0061  | 1.000000e+00 | 1.200000e+00 |  0.1020  0.0720
0062  | 1.500000e+00 | 1.200000e+00 |  0.1370  0.1320
0063  | 2.000000e+00 | 1.200000e+00 |  0.1680  0.1850
0064  | 2.500000e+00 | 1.200000e+00 |  0.1960  0.2740
0065  | 3.000000e+00 | 1.200000e+00 |  0.2230  0.3190
0066  | 4.000000e+00 | 1.200000e+00 |  0.2570  0.4040
0067  | 5.000000e+00 | 1.200000e+00 |  0.2770  0.3790
0068  | 6.000000e+00 | 1.200000e+00 |  0.4670 -2.6800
0069  | 1.000000e-01 | 1.400000e+00 |  0.0050  0.0020
0070  | 2.000000e-01 | 1.400000e+00 |  0.0170  0.0050
0071  | 3.000000e-01 | 1.400000e+00 |  0.0300  0.0010
0072  | 4.000000e-01 | 1.400000e+00 |  0.0440  0.0110
0073  | 5.000000e-01 | 1.400000e+00 |  0.0540  0.0250
0074  | 6.000000e-01 | 1.400000e+00 |  0.0640  0.0400
0075  | 7.000000e-01 | 1.400000e+00 |  0.0730  0.0560
0076  | 8.000000e-01 | 1.400000e+00 |  0.0810  0.0730
0077  | 9.000000e-01 | 1.400000e+00 |  0.0890  0.0900
0078  | 1.000000e+00 | 1.400000e+00 |  0.0960  0.1060
0079  | 1.500000e+00 | 1.400000e+00 |  0.1270  0.1860
0080  | 2.000000e+00 | 1.400000e+00 |  0.1490  0.2490
0081  | 2.500000e+00 | 1.400000e+00 |  0.1670  0.3460
0082  | 3.000000e+00 | 1.400000e+00 |  0.1800  0.3030
0083  | 4.000000e+00 | 1.400000e+00 |  0.2280  0.2720
0084  | 5.000000e+00 | 1.400000e+00 |  0.2760 -2.0910
0085  | 6.000000e+00 | 1.400000e+00 |  0.4170 -2.0020
