#Run  | beta      1  | kymin     1  /Eigenvalue1            
0001  | 2.000000e-03 | 1.000000e-01 |     NaN     NaN
0002  | 4.000000e-03 | 1.000000e-01 |     NaN     NaN
0003  | 6.000000e-03 | 1.000000e-01 |  0.0750  0.2600
0004  | 8.000000e-03 | 1.000000e-01 |  0.1690  0.2280
0005  | 1.000000e-02 | 1.000000e-01 |  0.2360  0.2210
0006  | 1.200000e-02 | 1.000000e-01 |  0.2890  0.2180
0007  | 1.400000e-02 | 1.000000e-01 |  0.3360  0.2170
0008  | 1.600000e-02 | 1.000000e-01 |  0.3790  0.2160
0009  | 1.800000e-02 | 1.000000e-01 |  0.4210  0.2160
0010  | 2.000000e-02 | 1.000000e-01 |  0.4620  0.2170
0011  | 2.200000e-02 | 1.000000e-01 |  0.5020  0.2180
0012  | 2.400000e-02 | 1.000000e-01 |  0.5430  0.2190
0013  | 2.600000e-02 | 1.000000e-01 |  0.5830  0.2210
0014  | 2.800000e-02 | 1.000000e-01 |  0.6240  0.2230
0015  | 3.000000e-02 | 1.000000e-01 |  0.6660  0.2250
0016  | 2.000000e-03 | 1.200000e-01 |     NaN     NaN
0017  | 4.000000e-03 | 1.200000e-01 |     NaN     NaN
0018  | 6.000000e-03 | 1.200000e-01 |  0.0410  0.0130
0019  | 8.000000e-03 | 1.200000e-01 |  0.1240  0.2850
0020  | 1.000000e-02 | 1.200000e-01 |  0.2020  0.2680
0021  | 1.200000e-02 | 1.200000e-01 |  0.2620  0.2620
0022  | 1.400000e-02 | 1.200000e-01 |  0.3120  0.2590
0023  | 1.600000e-02 | 1.200000e-01 |  0.3590  0.2580
0024  | 1.800000e-02 | 1.200000e-01 |  0.4020  0.2580
0025  | 2.000000e-02 | 1.200000e-01 |  0.4450  0.2590
0026  | 2.200000e-02 | 1.200000e-01 |  0.4870  0.2600
0027  | 2.400000e-02 | 1.200000e-01 |  0.5290  0.2610
0028  | 2.600000e-02 | 1.200000e-01 |  0.5710  0.2630
0029  | 2.800000e-02 | 1.200000e-01 |  0.6130  0.2650
0030  | 3.000000e-02 | 1.200000e-01 |  0.6560  0.2680
0031  | 2.000000e-03 | 1.400000e-01 |     NaN     NaN
0032  | 4.000000e-03 | 1.400000e-01 |  0.0420  0.0190
0033  | 6.000000e-03 | 1.400000e-01 |  0.0500  0.0190
0034  | 8.000000e-03 | 1.400000e-01 |  0.0670  0.3690
0035  | 1.000000e-02 | 1.400000e-01 |  0.1570  0.3210
0036  | 1.200000e-02 | 1.400000e-01 |  0.2270  0.3080
0037  | 1.400000e-02 | 1.400000e-01 |  0.2830  0.3030
0038  | 1.600000e-02 | 1.400000e-01 |  0.3330  0.3010
0039  | 1.800000e-02 | 1.400000e-01 |  0.3800  0.3000
0040  | 2.000000e-02 | 1.400000e-01 |  0.4250  0.3010
0041  | 2.200000e-02 | 1.400000e-01 |  0.4700  0.3010
0042  | 2.400000e-02 | 1.400000e-01 |  0.5130  0.3030
0043  | 2.600000e-02 | 1.400000e-01 |  0.5560  0.3050
0044  | 2.800000e-02 | 1.400000e-01 |  0.5990  0.3070
0045  | 3.000000e-02 | 1.400000e-01 |  0.6430  0.3100
0046  | 2.000000e-03 | 1.600000e-01 |  0.0470  0.0210
0047  | 4.000000e-03 | 1.600000e-01 |  0.0520  0.0210
0048  | 6.000000e-03 | 1.600000e-01 |  0.0590  0.0230
0049  | 8.000000e-03 | 1.600000e-01 |  0.0660  0.0300
0050  | 1.000000e-02 | 1.600000e-01 |  0.0980  0.3950
0051  | 1.200000e-02 | 1.600000e-01 |  0.1810  0.3600
0052  | 1.400000e-02 | 1.600000e-01 |  0.2470  0.3490
0053  | 1.600000e-02 | 1.600000e-01 |  0.3020  0.3440
0054  | 1.800000e-02 | 1.600000e-01 |  0.3540  0.3430
0055  | 2.000000e-02 | 1.600000e-01 |  0.4020  0.3430
0056  | 2.200000e-02 | 1.600000e-01 |  0.4490  0.3430
0057  | 2.400000e-02 | 1.600000e-01 |  0.4940  0.3440
0058  | 2.600000e-02 | 1.600000e-01 |  0.5390  0.3460
0059  | 2.800000e-02 | 1.600000e-01 |  0.5840  0.3490
0060  | 3.000000e-02 | 1.600000e-01 |  0.6290  0.3520
0061  | 2.000000e-03 | 1.800000e-01 |  0.0550  0.0210
0062  | 4.000000e-03 | 1.800000e-01 |  0.0610  0.0220
0063  | 6.000000e-03 | 1.800000e-01 |  0.0670  0.0260
0064  | 8.000000e-03 | 1.800000e-01 |  0.0720  0.0340
0065  | 1.000000e-02 | 1.800000e-01 |  0.0720  0.0450
0066  | 1.200000e-02 | 1.800000e-01 |  0.1230  0.4280
0067  | 1.400000e-02 | 1.800000e-01 |  0.2010  0.3990
0068  | 1.600000e-02 | 1.800000e-01 |  0.2650  0.3890
0069  | 1.800000e-02 | 1.800000e-01 |  0.3220  0.3860
0070  | 2.000000e-02 | 1.800000e-01 |  0.3750  0.3850
0071  | 2.200000e-02 | 1.800000e-01 |  0.4250  0.3850
0072  | 2.400000e-02 | 1.800000e-01 |  0.4730  0.3860
0073  | 2.600000e-02 | 1.800000e-01 |  0.5190  0.3870
0074  | 2.800000e-02 | 1.800000e-01 |  0.5660  0.3900
0075  | 3.000000e-02 | 1.800000e-01 |  0.6130  0.3940
0076  | 2.000000e-03 | 2.000000e-01 |  0.0620  0.0230
0077  | 4.000000e-03 | 2.000000e-01 |  0.0680  0.0260
0078  | 6.000000e-03 | 2.000000e-01 |  0.0730  0.0300
0079  | 8.000000e-03 | 2.000000e-01 |  0.0770  0.0380
0080  | 1.000000e-02 | 2.000000e-01 |  0.0770  0.0470
0081  | 1.200000e-02 | 2.000000e-01 |     NaN     NaN
0082  | 1.400000e-02 | 2.000000e-01 |  0.1450  0.4640
0083  | 1.600000e-02 | 2.000000e-01 |  0.2190  0.4390
0084  | 1.800000e-02 | 2.000000e-01 |  0.2840  0.4300
0085  | 2.000000e-02 | 2.000000e-01 |  0.3430  0.4270
0086  | 2.200000e-02 | 2.000000e-01 |  0.3970  0.4260
0087  | 2.400000e-02 | 2.000000e-01 |  0.4480  0.4270
0088  | 2.600000e-02 | 2.000000e-01 |  0.4980  0.4280
0089  | 2.800000e-02 | 2.000000e-01 |  0.5460  0.4310
0090  | 3.000000e-02 | 2.000000e-01 |  0.5950  0.4350
0091  | 2.000000e-03 | 2.200000e-01 |  0.0690  0.0270
0092  | 4.000000e-03 | 2.200000e-01 |  0.0740  0.0290
0093  | 6.000000e-03 | 2.200000e-01 |  0.0790  0.0350
0094  | 8.000000e-03 | 2.200000e-01 |  0.0810  0.0420
0095  | 1.000000e-02 | 2.200000e-01 |  0.0820  0.0490
0096  | 1.200000e-02 | 2.200000e-01 |  0.0830  0.0510
0097  | 1.400000e-02 | 2.200000e-01 |  0.0970  0.5540
0098  | 1.600000e-02 | 2.200000e-01 |  0.1650  0.5010
0099  | 1.800000e-02 | 2.200000e-01 |  0.2400  0.4790
0100  | 2.000000e-02 | 2.200000e-01 |  0.3060  0.4710
0101  | 2.200000e-02 | 2.200000e-01 |  0.3660  0.4680
0102  | 2.400000e-02 | 2.200000e-01 |  0.4210  0.4680
0103  | 2.600000e-02 | 2.200000e-01 |  0.4730  0.4690
0104  | 2.800000e-02 | 2.200000e-01 |  0.5240  0.4720
0105  | 3.000000e-02 | 2.200000e-01 |  0.5750  0.4760
0106  | 2.000000e-03 | 2.400000e-01 |  0.0760  0.0300
0107  | 4.000000e-03 | 2.400000e-01 |  0.0800  0.0340
0108  | 6.000000e-03 | 2.400000e-01 |  0.0830  0.0400
0109  | 8.000000e-03 | 2.400000e-01 |  0.0860  0.0480
0110  | 1.000000e-02 | 2.400000e-01 |  0.0880  0.0540
0111  | 1.200000e-02 | 2.400000e-01 |  0.0910  0.0580
0112  | 1.400000e-02 | 2.400000e-01 |  0.0940  0.0610
0113  | 1.600000e-02 | 2.400000e-01 |  0.1160  0.5830
0114  | 1.800000e-02 | 2.400000e-01 |  0.1880  0.5370
0115  | 2.000000e-02 | 2.400000e-01 |  0.2630  0.5180
0116  | 2.200000e-02 | 2.400000e-01 |  0.3300  0.5110
0117  | 2.400000e-02 | 2.400000e-01 |  0.3900  0.5090
0118  | 2.600000e-02 | 2.400000e-01 |  0.4460  0.5100
0119  | 2.800000e-02 | 2.400000e-01 |  0.5000  0.5120
0120  | 3.000000e-02 | 2.400000e-01 |  0.5530  0.5160
0121  | 2.000000e-03 | 2.600000e-01 |     NaN     NaN
0122  | 4.000000e-03 | 2.600000e-01 |  0.0850  0.0390
0123  | 6.000000e-03 | 2.600000e-01 |  0.0870  0.0450
0124  | 8.000000e-03 | 2.600000e-01 |  0.0900  0.0560
0125  | 1.000000e-02 | 2.600000e-01 |  0.0930  0.0620
0126  | 1.200000e-02 | 2.600000e-01 |  0.0960  0.0660
0127  | 1.400000e-02 | 2.600000e-01 |  0.0990  0.0680
0128  | 1.600000e-02 | 2.600000e-01 |  0.1030  0.0710
0129  | 1.800000e-02 | 2.600000e-01 |  0.1380  0.6120
0130  | 2.000000e-02 | 2.600000e-01 |  0.2150  0.5730
0131  | 2.200000e-02 | 2.600000e-01 |  0.2890  0.5570
0132  | 2.400000e-02 | 2.600000e-01 |  0.3560  0.5510
0133  | 2.600000e-02 | 2.600000e-01 |  0.4170  0.5500
0134  | 2.800000e-02 | 2.600000e-01 |  0.4740  0.5520
0135  | 3.000000e-02 | 2.600000e-01 |  0.5300  0.5560
0136  | 2.000000e-03 | 2.800000e-01 |     NaN     NaN
0137  | 4.000000e-03 | 2.800000e-01 |     NaN     NaN
0138  | 6.000000e-03 | 2.800000e-01 |  0.0890  0.0510
0139  | 8.000000e-03 | 2.800000e-01 |  0.0920  0.0650
0140  | 1.000000e-02 | 2.800000e-01 |  0.0980  0.0710
0141  | 1.200000e-02 | 2.800000e-01 |  0.1010  0.0740
0142  | 1.400000e-02 | 2.800000e-01 |  0.1040  0.0770
0143  | 1.600000e-02 | 2.800000e-01 |  0.1060  0.0800
0144  | 1.800000e-02 | 2.800000e-01 |     NaN     NaN
0145  | 2.000000e-02 | 2.800000e-01 |  0.1660  0.6390
0146  | 2.200000e-02 | 2.800000e-01 |  0.2450  0.6080
0147  | 2.400000e-02 | 2.800000e-01 |  0.3180  0.5950
0148  | 2.600000e-02 | 2.800000e-01 |  0.3840  0.5920
0149  | 2.800000e-02 | 2.800000e-01 |  0.4450  0.5920
0150  | 3.000000e-02 | 2.800000e-01 |  0.5040  0.5960
0151  | 2.000000e-03 | 3.000000e-01 |     NaN     NaN
0152  | 4.000000e-03 | 3.000000e-01 |     NaN     NaN
0153  | 6.000000e-03 | 3.000000e-01 |     NaN     NaN
0154  | 8.000000e-03 | 3.000000e-01 |  0.0970  0.0770
0155  | 1.000000e-02 | 3.000000e-01 |  0.1020  0.0800
0156  | 1.200000e-02 | 3.000000e-01 |  0.1040  0.0830
0157  | 1.400000e-02 | 3.000000e-01 |  0.1060  0.0860
0158  | 1.600000e-02 | 3.000000e-01 |  0.1080  0.0900
0159  | 1.800000e-02 | 3.000000e-01 |  0.1110  0.0930
0160  | 2.000000e-02 | 3.000000e-01 |  0.1240  0.7160
0161  | 2.200000e-02 | 3.000000e-01 |  0.1980  0.6660
0162  | 2.400000e-02 | 3.000000e-01 |  0.2770  0.6430
0163  | 2.600000e-02 | 3.000000e-01 |  0.3490  0.6340
0164  | 2.800000e-02 | 3.000000e-01 |  0.4150  0.6320
0165  | 3.000000e-02 | 3.000000e-01 |  0.4770  0.6350
0166  | 2.000000e-03 | 4.000000e-01 |     NaN     NaN
0167  | 4.000000e-03 | 4.000000e-01 |  0.1240  0.1660
0168  | 6.000000e-03 | 4.000000e-01 |  0.1270  0.1660
0169  | 8.000000e-03 | 4.000000e-01 |  0.1300  0.1670
0170  | 1.000000e-02 | 4.000000e-01 |  0.1330  0.1690
0171  | 1.200000e-02 | 4.000000e-01 |  0.1360  0.1720
0172  | 1.400000e-02 | 4.000000e-01 |  0.1370  0.1770
0173  | 1.600000e-02 | 4.000000e-01 |  0.1350  0.1820
0174  | 1.800000e-02 | 4.000000e-01 |     NaN     NaN
0175  | 2.000000e-02 | 4.000000e-01 |     NaN     NaN
0176  | 2.200000e-02 | 4.000000e-01 |  0.1300  0.1740
0177  | 2.400000e-02 | 4.000000e-01 |  0.1340  0.1730
0178  | 2.600000e-02 | 4.000000e-01 |  0.1500  0.8940
0179  | 2.800000e-02 | 4.000000e-01 |  0.2300  0.8520
0180  | 3.000000e-02 | 4.000000e-01 |  0.3120  0.8340
0181  | 2.000000e-03 | 5.000000e-01 |  0.1480  0.1290
0182  | 4.000000e-03 | 5.000000e-01 |  0.1430  0.1410
0183  | 6.000000e-03 | 5.000000e-01 |  0.1410  0.1520
0184  | 8.000000e-03 | 5.000000e-01 |     NaN     NaN
0185  | 1.000000e-02 | 5.000000e-01 |  0.1420  0.2050
0186  | 1.200000e-02 | 5.000000e-01 |  0.1530  0.2080
0187  | 1.400000e-02 | 5.000000e-01 |  0.1580  0.2150
0188  | 1.600000e-02 | 5.000000e-01 |  0.1590  0.2230
0189  | 1.800000e-02 | 5.000000e-01 |  0.1560  0.2330
0190  | 2.000000e-02 | 5.000000e-01 |  0.1500  0.2470
0191  | 2.200000e-02 | 5.000000e-01 |  0.1460  0.2610
0192  | 2.400000e-02 | 5.000000e-01 |  0.1420  0.2720
0193  | 2.600000e-02 | 5.000000e-01 |     NaN     NaN
0194  | 2.800000e-02 | 5.000000e-01 |  0.1370  0.2290
0195  | 3.000000e-02 | 5.000000e-01 |     NaN     NaN
0196  | 2.000000e-03 | 6.000000e-01 |  0.1740  0.1700
0197  | 4.000000e-03 | 6.000000e-01 |  0.1670  0.1820
0198  | 6.000000e-03 | 6.000000e-01 |  0.1630  0.1950
0199  | 8.000000e-03 | 6.000000e-01 |  0.1600  0.2100
0200  | 1.000000e-02 | 6.000000e-01 |  0.1610  0.2250
0201  | 1.200000e-02 | 6.000000e-01 |  0.1630  0.2380
0202  | 1.400000e-02 | 6.000000e-01 |  0.1650  0.2500
0203  | 1.600000e-02 | 6.000000e-01 |  0.1650  0.2610
0204  | 1.800000e-02 | 6.000000e-01 |  0.1620  0.2720
0205  | 2.000000e-02 | 6.000000e-01 |  0.1580  0.2830
0206  | 2.200000e-02 | 6.000000e-01 |  0.1510  0.2950
0207  | 2.400000e-02 | 6.000000e-01 |  0.1450  0.3070
0208  | 2.600000e-02 | 6.000000e-01 |  0.1390  0.3160
0209  | 2.800000e-02 | 6.000000e-01 |  0.1330  0.3220
0210  | 3.000000e-02 | 6.000000e-01 |  0.1270  0.3260
0211  | 2.000000e-03 | 7.000000e-01 |  0.1930  0.2150
0212  | 4.000000e-03 | 7.000000e-01 |  0.1840  0.2250
0213  | 6.000000e-03 | 7.000000e-01 |  0.1780  0.2370
0214  | 8.000000e-03 | 7.000000e-01 |  0.1730  0.2500
0215  | 1.000000e-02 | 7.000000e-01 |  0.1700  0.2620
0216  | 1.200000e-02 | 7.000000e-01 |  0.1680  0.2750
0217  | 1.400000e-02 | 7.000000e-01 |  0.1650  0.2860
0218  | 1.600000e-02 | 7.000000e-01 |  0.1610  0.2970
0219  | 1.800000e-02 | 7.000000e-01 |  0.1570  0.3070
0220  | 2.000000e-02 | 7.000000e-01 |  0.1510  0.3170
0221  | 2.200000e-02 | 7.000000e-01 |  0.1430  0.3270
0222  | 2.400000e-02 | 7.000000e-01 |  0.1360  0.3370
0223  | 2.600000e-02 | 7.000000e-01 |  0.1290  0.3460
0224  | 2.800000e-02 | 7.000000e-01 |  0.1220  0.3520
0225  | 3.000000e-02 | 7.000000e-01 |  0.1160  0.3560
0226  | 2.000000e-03 | 8.000000e-01 |  0.2070  0.2640
0227  | 4.000000e-03 | 8.000000e-01 |  0.1940  0.2720
0228  | 6.000000e-03 | 8.000000e-01 |  0.1850  0.2820
0229  | 8.000000e-03 | 8.000000e-01 |  0.1770  0.2920
0230  | 1.000000e-02 | 8.000000e-01 |  0.1710  0.3020
0231  | 1.200000e-02 | 8.000000e-01 |  0.1650  0.3130
0232  | 1.400000e-02 | 8.000000e-01 |  0.1590  0.3220
0233  | 1.600000e-02 | 8.000000e-01 |  0.1530  0.3310
0234  | 1.800000e-02 | 8.000000e-01 |  0.1460  0.3400
0235  | 2.000000e-02 | 8.000000e-01 |  0.1380  0.3480
0236  | 2.200000e-02 | 8.000000e-01 |  0.1300  0.3560
0237  | 2.400000e-02 | 8.000000e-01 |  0.1210  0.3630
0238  | 2.600000e-02 | 8.000000e-01 |  0.1130  0.3700
0239  | 2.800000e-02 | 8.000000e-01 |  0.1070  0.3760
0240  | 3.000000e-02 | 8.000000e-01 |  0.1010  0.3800
0241  | 2.000000e-03 | 9.000000e-01 |  0.2140  0.3180
0242  | 4.000000e-03 | 9.000000e-01 |  0.1980  0.3230
0243  | 6.000000e-03 | 9.000000e-01 |  0.1860  0.3290
0244  | 8.000000e-03 | 9.000000e-01 |  0.1750  0.3370
0245  | 1.000000e-02 | 9.000000e-01 |  0.1660  0.3440
0246  | 1.200000e-02 | 9.000000e-01 |  0.1570  0.3510
0247  | 1.400000e-02 | 9.000000e-01 |  0.1490  0.3580
0248  | 1.600000e-02 | 9.000000e-01 |  0.1400  0.3650
0249  | 1.800000e-02 | 9.000000e-01 |  0.1320  0.3710
0250  | 2.000000e-02 | 9.000000e-01 |  0.1230  0.3770
0251  | 2.200000e-02 | 9.000000e-01 |  0.1140  0.3820
0252  | 2.400000e-02 | 9.000000e-01 |  0.1060  0.3870
0253  | 2.600000e-02 | 9.000000e-01 |  0.0990  0.3920
0254  | 2.800000e-02 | 9.000000e-01 |  0.0930  0.3950
0255  | 3.000000e-02 | 9.000000e-01 |  0.0890  0.3980
