0001  | 2.000000e-03 | 1.000000e-02 |  0.0410  0.0020
0002  | 4.000000e-03 | 1.000000e-02 |  0.1810  0.0330
0003  | 6.000000e-03 | 1.000000e-02 |  0.2750  0.0440
0004  | 8.000000e-03 | 1.000000e-02 |  0.3490  0.0490
0005  | 1.000000e-02 | 1.000000e-02 |  0.4110  0.0530
0006  | 1.200000e-02 | 1.000000e-02 |  0.4680  0.0560
0007  | 1.400000e-02 | 1.000000e-02 |  0.5210  0.0600
0008  | 1.600000e-02 | 1.000000e-02 |  0.5730  0.0620
0009  | 1.800000e-02 | 1.000000e-02 |  0.6240  0.0650
0010  | 2.000000e-02 | 1.000000e-02 |  0.6750  0.0680
0011  | 2.200000e-02 | 1.000000e-02 |  0.7260  0.0710
0012  | 2.400000e-02 | 1.000000e-02 |  0.7790  0.0740
0013  | 2.600000e-02 | 1.000000e-02 |  0.8340  0.0780
0014  | 2.800000e-02 | 1.000000e-02 |  0.8930  0.0830
0015  | 3.000000e-02 | 1.000000e-02 |  0.9550  0.0890
0016  | 2.000000e-03 | 2.000000e-02 |  0.0300  0.0260
0017  | 4.000000e-03 | 2.000000e-02 |  0.1910  0.0490
0018  | 6.000000e-03 | 2.000000e-02 |  0.2870  0.0530
0019  | 8.000000e-03 | 2.000000e-02 |  0.3610  0.0560
0020  | 1.000000e-02 | 2.000000e-02 |  0.4230  0.0580
0021  | 1.200000e-02 | 2.000000e-02 |  0.4790  0.0590
0022  | 1.400000e-02 | 2.000000e-02 |  0.5320  0.0610
0023  | 1.600000e-02 | 2.000000e-02 |  0.5840  0.0620
0024  | 1.800000e-02 | 2.000000e-02 |  0.6350  0.0640
0025  | 2.000000e-02 | 2.000000e-02 |  0.6850  0.0650
0026  | 2.200000e-02 | 2.000000e-02 |  0.7370  0.0670
0027  | 2.400000e-02 | 2.000000e-02 |  0.7890  0.0700
0028  | 2.600000e-02 | 2.000000e-02 |  0.8440  0.0720
0029  | 2.800000e-02 | 2.000000e-02 |  0.9030  0.0760
0030  | 3.000000e-02 | 2.000000e-02 |  0.9650  0.0790
0031  | 2.000000e-03 | 3.000000e-02 |     NaN     NaN
0032  | 4.000000e-03 | 3.000000e-02 |  0.1900  0.0690
0033  | 6.000000e-03 | 3.000000e-02 |  0.2870  0.0710
0034  | 8.000000e-03 | 3.000000e-02 |  0.3620  0.0720
0035  | 1.000000e-02 | 3.000000e-02 |  0.4240  0.0740
0036  | 1.200000e-02 | 3.000000e-02 |  0.4800  0.0750
0037  | 1.400000e-02 | 3.000000e-02 |  0.5340  0.0760
0038  | 1.600000e-02 | 3.000000e-02 |  0.5850  0.0770
0039  | 1.800000e-02 | 3.000000e-02 |  0.6360  0.0780
0040  | 2.000000e-02 | 3.000000e-02 |  0.6870  0.0800
0041  | 2.200000e-02 | 3.000000e-02 |  0.7380  0.0810
0042  | 2.400000e-02 | 3.000000e-02 |  0.7910  0.0830
0043  | 2.600000e-02 | 3.000000e-02 |  0.8460  0.0860
0044  | 2.800000e-02 | 3.000000e-02 |  0.9050  0.0890
0045  | 3.000000e-02 | 3.000000e-02 |  0.9670  0.0920
0046  | 2.000000e-03 | 4.000000e-02 |     NaN     NaN
0047  | 4.000000e-03 | 4.000000e-02 |  0.1840  0.0910
0048  | 6.000000e-03 | 4.000000e-02 |  0.2840  0.0910
0049  | 8.000000e-03 | 4.000000e-02 |  0.3600  0.0920
0050  | 1.000000e-02 | 4.000000e-02 |  0.4220  0.0920
0051  | 1.200000e-02 | 4.000000e-02 |  0.4790  0.0930
0052  | 1.400000e-02 | 4.000000e-02 |  0.5330  0.0940
0053  | 1.600000e-02 | 4.000000e-02 |  0.5850  0.0950
0054  | 1.800000e-02 | 4.000000e-02 |  0.6360  0.0960
0055  | 2.000000e-02 | 4.000000e-02 |  0.6860  0.0980
0056  | 2.200000e-02 | 4.000000e-02 |  0.7380  0.0990
0057  | 2.400000e-02 | 4.000000e-02 |  0.7910  0.1010
0058  | 2.600000e-02 | 4.000000e-02 |  0.8460  0.1040
0059  | 2.800000e-02 | 4.000000e-02 |  0.9050  0.1070
0060  | 3.000000e-02 | 4.000000e-02 |  0.9670  0.1110
0061  | 2.000000e-03 | 5.000000e-02 |     NaN     NaN
0062  | 4.000000e-03 | 5.000000e-02 |  0.1760  0.1130
0063  | 6.000000e-03 | 5.000000e-02 |  0.2790  0.1120
0064  | 8.000000e-03 | 5.000000e-02 |  0.3560  0.1120
0065  | 1.000000e-02 | 5.000000e-02 |  0.4190  0.1120
0066  | 1.200000e-02 | 5.000000e-02 |  0.4770  0.1130
0067  | 1.400000e-02 | 5.000000e-02 |  0.5310  0.1130
0068  | 1.600000e-02 | 5.000000e-02 |  0.5830  0.1140
0069  | 1.800000e-02 | 5.000000e-02 |  0.6340  0.1160
0070  | 2.000000e-02 | 5.000000e-02 |  0.6850  0.1170
0071  | 2.200000e-02 | 5.000000e-02 |  0.7370  0.1190
0072  | 2.400000e-02 | 5.000000e-02 |  0.7900  0.1210
0073  | 2.600000e-02 | 5.000000e-02 |  0.8450  0.1240
0074  | 2.800000e-02 | 5.000000e-02 |  0.9040  0.1270
0075  | 3.000000e-02 | 5.000000e-02 |  0.9670  0.1310
0076  | 2.000000e-03 | 5.000000e-01 |  0.1160  0.0530
0077  | 4.000000e-03 | 5.000000e-01 |  0.1190  0.0560
0078  | 6.000000e-03 | 5.000000e-01 |  0.1210  0.0590
0079  | 8.000000e-03 | 5.000000e-01 |  0.1220  0.0620
0080  | 1.000000e-02 | 5.000000e-01 |  0.1240  0.0660
0081  | 1.200000e-02 | 5.000000e-01 |  0.1240  0.0690
0082  | 1.400000e-02 | 5.000000e-01 |  0.1240  0.0720
0083  | 1.600000e-02 | 5.000000e-01 |  0.1230  0.0740
0084  | 1.800000e-02 | 5.000000e-01 |  0.1210  0.0760
0085  | 2.000000e-02 | 5.000000e-01 |  0.1210  0.0770
0086  | 2.200000e-02 | 5.000000e-01 |  0.2050  1.0910
0087  | 2.400000e-02 | 5.000000e-01 |  0.3260  1.0500
0088  | 2.600000e-02 | 5.000000e-01 |  0.4370  1.0390
0089  | 2.800000e-02 | 5.000000e-01 |  0.5390  1.0420
0090  | 3.000000e-02 | 5.000000e-01 |  0.6350  1.0530
0091  | 2.000000e-03 | 6.000000e-01 |  0.1260  0.1010
0092  | 4.000000e-03 | 6.000000e-01 |  0.1280  0.1040
0093  | 6.000000e-03 | 6.000000e-01 |  0.1280  0.1070
0094  | 8.000000e-03 | 6.000000e-01 |  0.1280  0.1090
0095  | 1.000000e-02 | 6.000000e-01 |  0.1280  0.1120
0096  | 1.200000e-02 | 6.000000e-01 |  0.1270  0.1140
0097  | 1.400000e-02 | 6.000000e-01 |  0.1250  0.1160
0098  | 1.600000e-02 | 6.000000e-01 |  0.1240  0.1170
0099  | 1.800000e-02 | 6.000000e-01 |  0.1220  0.1180
0100  | 2.000000e-02 | 6.000000e-01 |  0.1200  0.1190
0101  | 2.200000e-02 | 6.000000e-01 |  0.1200  0.1210
0102  | 2.400000e-02 | 6.000000e-01 |  0.1680  1.3230
0103  | 2.600000e-02 | 6.000000e-01 |  0.2790  1.2680
0104  | 2.800000e-02 | 6.000000e-01 |  0.3900  1.2470
0105  | 3.000000e-02 | 6.000000e-01 |  0.4940  1.2450
0106  | 2.000000e-03 | 7.000000e-01 |  0.1270  0.1540
0107  | 4.000000e-03 | 7.000000e-01 |  0.1290  0.1560
0108  | 6.000000e-03 | 7.000000e-01 |  0.1290  0.1580
0109  | 8.000000e-03 | 7.000000e-01 |  0.1280  0.1600
0110  | 1.000000e-02 | 7.000000e-01 |  0.1260  0.1630
0111  | 1.200000e-02 | 7.000000e-01 |  0.1240  0.1640
0112  | 1.400000e-02 | 7.000000e-01 |  0.1220  0.1660
0113  | 1.600000e-02 | 7.000000e-01 |  0.1190  0.1670
0114  | 1.800000e-02 | 7.000000e-01 |  0.1160  0.1680
0115  | 2.000000e-02 | 7.000000e-01 |  0.1130  0.1690
0116  | 2.200000e-02 | 7.000000e-01 |  0.1090  0.1690
0117  | 2.400000e-02 | 7.000000e-01 |  0.1060  0.1700
0118  | 2.600000e-02 | 7.000000e-01 |  0.1530  1.5320
0119  | 2.800000e-02 | 7.000000e-01 |  0.2470  1.4750
0120  | 3.000000e-02 | 7.000000e-01 |  0.3490  1.4470
0121  | 2.000000e-03 | 8.000000e-01 |  0.1190  0.2060
0122  | 4.000000e-03 | 8.000000e-01 |  0.1220  0.2080
0123  | 6.000000e-03 | 8.000000e-01 |  0.1220  0.2090
0124  | 8.000000e-03 | 8.000000e-01 |  0.1220  0.2110
0125  | 1.000000e-02 | 8.000000e-01 |  0.1200  0.2130
0126  | 1.200000e-02 | 8.000000e-01 |  0.1180  0.2140
0127  | 1.400000e-02 | 8.000000e-01 |  0.1150  0.2150
0128  | 1.600000e-02 | 8.000000e-01 |  0.1110  0.2160
0129  | 1.800000e-02 | 8.000000e-01 |  0.1070  0.2170
0130  | 2.000000e-02 | 8.000000e-01 |  0.1030  0.2170
0131  | 2.200000e-02 | 8.000000e-01 |  0.0980  0.2170
0132  | 2.400000e-02 | 8.000000e-01 |  0.0930  0.2170
0133  | 2.600000e-02 | 8.000000e-01 |     NaN     NaN
0134  | 2.800000e-02 | 8.000000e-01 |  0.1440  1.7230
0135  | 3.000000e-02 | 8.000000e-01 |  0.2220  1.6700
0136  | 2.000000e-03 | 9.000000e-01 |  0.1030  0.2570
0137  | 4.000000e-03 | 9.000000e-01 |  0.1070  0.2560
0138  | 6.000000e-03 | 9.000000e-01 |  0.1100  0.2570
0139  | 8.000000e-03 | 9.000000e-01 |  0.1110  0.2580
0140  | 1.000000e-02 | 9.000000e-01 |  0.1100  0.2590
0141  | 1.200000e-02 | 9.000000e-01 |  0.1080  0.2600
0142  | 1.400000e-02 | 9.000000e-01 |  0.1050  0.2610
0143  | 1.600000e-02 | 9.000000e-01 |  0.1010  0.2610
0144  | 1.800000e-02 | 9.000000e-01 |  0.0970  0.2610
0145  | 2.000000e-02 | 9.000000e-01 |  0.0920  0.2610
0146  | 2.200000e-02 | 9.000000e-01 |  0.0860  0.2600
0147  | 2.400000e-02 | 9.000000e-01 |  0.0810  0.2580
0148  | 2.600000e-02 | 9.000000e-01 |  0.0750  0.2570
0149  | 2.800000e-02 | 9.000000e-01 |  0.0890  1.9620
0150  | 3.000000e-02 | 9.000000e-01 |  0.1380  1.9020
