0001  | 1.000000e-03 | 5.000000e-03 |     NaN     NaN
0002  | 1.500000e-03 | 5.000000e-03 |  0.0120 -0.0330
0003  | 2.000000e-03 | 5.000000e-03 |  0.0380 -0.0170
0004  | 2.500000e-03 | 5.000000e-03 |  0.0670 -0.0040
0005  | 3.000000e-03 | 5.000000e-03 |  0.0950  0.0080
0006  | 3.500000e-03 | 5.000000e-03 |  0.1210  0.0190
0007  | 4.000000e-03 | 5.000000e-03 |  0.1470  0.0290
0008  | 4.500000e-03 | 5.000000e-03 |  0.1710  0.0370
0009  | 5.000000e-03 | 5.000000e-03 |  0.1950  0.0440
0010  | 5.500000e-03 | 5.000000e-03 |  0.2170  0.0490
0011  | 6.000000e-03 | 5.000000e-03 |  0.2370  0.0540
0012  | 6.500000e-03 | 5.000000e-03 |  0.2570  0.0580
0013  | 7.000000e-03 | 5.000000e-03 |  0.2760  0.0610
0014  | 7.500000e-03 | 5.000000e-03 |  0.2940  0.0640
0015  | 8.000000e-03 | 5.000000e-03 |  0.3110  0.0670
0016  | 1.000000e-03 | 1.000000e-02 |     NaN     NaN
0017  | 1.500000e-03 | 1.000000e-02 |  0.0070 -0.0170
0018  | 2.000000e-03 | 1.000000e-02 |  0.0410  0.0020
0019  | 2.500000e-03 | 1.000000e-02 |  0.0820  0.0130
0020  | 3.000000e-03 | 1.000000e-02 |  0.1190  0.0210
0021  | 3.500000e-03 | 1.000000e-02 |  0.1510  0.0280
0022  | 4.000000e-03 | 1.000000e-02 |  0.1810  0.0330
0023  | 4.500000e-03 | 1.000000e-02 |  0.2070  0.0360
0024  | 5.000000e-03 | 1.000000e-02 |  0.2320  0.0390
0025  | 5.500000e-03 | 1.000000e-02 |  0.2540  0.0420
0026  | 6.000000e-03 | 1.000000e-02 |  0.2750  0.0440
0027  | 6.500000e-03 | 1.000000e-02 |  0.2950  0.0450
0028  | 7.000000e-03 | 1.000000e-02 |  0.3140  0.0470
0029  | 7.500000e-03 | 1.000000e-02 |  0.3320  0.0480
0030  | 8.000000e-03 | 1.000000e-02 |  0.3490  0.0490
0031  | 1.000000e-03 | 2.000000e-02 |  0.0050 -0.0220
0032  | 1.500000e-03 | 2.000000e-02 |     NaN     NaN
0033  | 2.000000e-03 | 2.000000e-02 |  0.0300  0.0260
0034  | 2.500000e-03 | 2.000000e-02 |  0.0840  0.0390
0035  | 3.000000e-03 | 2.000000e-02 |  0.1260  0.0440
0036  | 3.500000e-03 | 2.000000e-02 |  0.1610  0.0470
0037  | 4.000000e-03 | 2.000000e-02 |  0.1910  0.0490
0038  | 4.500000e-03 | 2.000000e-02 |  0.2180  0.0500
0039  | 5.000000e-03 | 2.000000e-02 |  0.2430  0.0520
0040  | 5.500000e-03 | 2.000000e-02 |  0.2660  0.0530
0041  | 6.000000e-03 | 2.000000e-02 |  0.2870  0.0530
0042  | 6.500000e-03 | 2.000000e-02 |  0.3070  0.0540
0043  | 7.000000e-03 | 2.000000e-02 |  0.3260  0.0550
0044  | 7.500000e-03 | 2.000000e-02 |  0.3440  0.0550
0045  | 8.000000e-03 | 2.000000e-02 |  0.3610  0.0560
0046  | 1.000000e-03 | 3.000000e-02 |     NaN     NaN
0047  | 1.500000e-03 | 3.000000e-02 |     NaN     NaN
0048  | 2.000000e-03 | 3.000000e-02 |     NaN     NaN
0049  | 2.500000e-03 | 3.000000e-02 |  0.0730  0.0630
0050  | 3.000000e-03 | 3.000000e-02 |  0.1210  0.0670
0051  | 3.500000e-03 | 3.000000e-02 |  0.1580  0.0680
0052  | 4.000000e-03 | 3.000000e-02 |  0.1900  0.0690
0053  | 4.500000e-03 | 3.000000e-02 |  0.2180  0.0700
0054  | 5.000000e-03 | 3.000000e-02 |  0.2430  0.0710
0055  | 5.500000e-03 | 3.000000e-02 |  0.2660  0.0710
0056  | 6.000000e-03 | 3.000000e-02 |  0.2870  0.0710
0057  | 6.500000e-03 | 3.000000e-02 |  0.3070  0.0720
0058  | 7.000000e-03 | 3.000000e-02 |  0.3260  0.0720
0059  | 7.500000e-03 | 3.000000e-02 |  0.3440  0.0720
0060  | 8.000000e-03 | 3.000000e-02 |  0.3620  0.0720
0061  | 1.000000e-03 | 4.000000e-02 |     NaN     NaN
0062  | 1.500000e-03 | 4.000000e-02 |     NaN     NaN
0063  | 2.000000e-03 | 4.000000e-02 |     NaN     NaN
0064  | 2.500000e-03 | 4.000000e-02 |  0.0500  0.0900
0065  | 3.000000e-03 | 4.000000e-02 |  0.1100  0.0900
0066  | 3.500000e-03 | 4.000000e-02 |  0.1510  0.0900
0067  | 4.000000e-03 | 4.000000e-02 |  0.1840  0.0910
0068  | 4.500000e-03 | 4.000000e-02 |  0.2130  0.0910
0069  | 5.000000e-03 | 4.000000e-02 |  0.2390  0.0910
0070  | 5.500000e-03 | 4.000000e-02 |  0.2630  0.0910
0071  | 6.000000e-03 | 4.000000e-02 |  0.2840  0.0910
0072  | 6.500000e-03 | 4.000000e-02 |  0.3050  0.0910
0073  | 7.000000e-03 | 4.000000e-02 |  0.3240  0.0920
0074  | 7.500000e-03 | 4.000000e-02 |  0.3420  0.0920
0075  | 8.000000e-03 | 4.000000e-02 |  0.3600  0.0920
0076  | 1.000000e-03 | 5.000000e-02 |     NaN     NaN
0077  | 1.500000e-03 | 5.000000e-02 |     NaN     NaN
0078  | 2.000000e-03 | 5.000000e-02 |     NaN     NaN
0079  | 2.500000e-03 | 5.000000e-02 |  0.0280  0.1460
0080  | 3.000000e-03 | 5.000000e-02 |  0.0950  0.1150
0081  | 3.500000e-03 | 5.000000e-02 |  0.1410  0.1130
0082  | 4.000000e-03 | 5.000000e-02 |  0.1760  0.1130
0083  | 4.500000e-03 | 5.000000e-02 |  0.2060  0.1120
0084  | 5.000000e-03 | 5.000000e-02 |  0.2330  0.1120
0085  | 5.500000e-03 | 5.000000e-02 |  0.2570  0.1120
0086  | 6.000000e-03 | 5.000000e-02 |  0.2790  0.1120
0087  | 6.500000e-03 | 5.000000e-02 |  0.3000  0.1120
0088  | 7.000000e-03 | 5.000000e-02 |  0.3200  0.1120
0089  | 7.500000e-03 | 5.000000e-02 |  0.3380  0.1120
0090  | 8.000000e-03 | 5.000000e-02 |  0.3560  0.1120
0091  | 1.000000e-03 | 6.000000e-02 |     NaN     NaN
0092  | 1.500000e-03 | 6.000000e-02 |     NaN     NaN
0093  | 2.000000e-03 | 6.000000e-02 |     NaN     NaN
0094  | 2.500000e-03 | 6.000000e-02 |  0.0260  0.1920
0095  | 3.000000e-03 | 6.000000e-02 |  0.0740  0.1460
0096  | 3.500000e-03 | 6.000000e-02 |  0.1260  0.1380
0097  | 4.000000e-03 | 6.000000e-02 |  0.1650  0.1350
0098  | 4.500000e-03 | 6.000000e-02 |  0.1970  0.1340
0099  | 5.000000e-03 | 6.000000e-02 |  0.2250  0.1340
0100  | 5.500000e-03 | 6.000000e-02 |  0.2500  0.1330
0101  | 6.000000e-03 | 6.000000e-02 |  0.2730  0.1330
0102  | 6.500000e-03 | 6.000000e-02 |  0.2940  0.1330
0103  | 7.000000e-03 | 6.000000e-02 |  0.3140  0.1330
0104  | 7.500000e-03 | 6.000000e-02 |  0.3330  0.1320
0105  | 8.000000e-03 | 6.000000e-02 |  0.3510  0.1320
0106  | 1.000000e-03 | 5.000000e-01 |  0.1140  0.0520
0107  | 1.500000e-03 | 5.000000e-01 |  0.1150  0.0530
0108  | 2.000000e-03 | 5.000000e-01 |  0.1160  0.0530
0109  | 2.500000e-03 | 5.000000e-01 |  0.1170  0.0540
0110  | 3.000000e-03 | 5.000000e-01 |  0.1170  0.0540
0111  | 3.500000e-03 | 5.000000e-01 |  0.1180  0.0550
0112  | 4.000000e-03 | 5.000000e-01 |  0.1190  0.0560
0113  | 4.500000e-03 | 5.000000e-01 |  0.1190  0.0570
0114  | 5.000000e-03 | 5.000000e-01 |  0.1200  0.0570
0115  | 5.500000e-03 | 5.000000e-01 |  0.1200  0.0580
0116  | 6.000000e-03 | 5.000000e-01 |  0.1210  0.0590
0117  | 6.500000e-03 | 5.000000e-01 |  0.1210  0.0600
0118  | 7.000000e-03 | 5.000000e-01 |  0.1220  0.0610
0119  | 7.500000e-03 | 5.000000e-01 |  0.1220  0.0620
0120  | 8.000000e-03 | 5.000000e-01 |  0.1220  0.0620
0121  | 1.000000e-03 | 6.000000e-01 |  0.1250  0.1000
0122  | 1.500000e-03 | 6.000000e-01 |  0.1250  0.1010
0123  | 2.000000e-03 | 6.000000e-01 |  0.1260  0.1010
0124  | 2.500000e-03 | 6.000000e-01 |  0.1270  0.1020
0125  | 3.000000e-03 | 6.000000e-01 |  0.1270  0.1030
0126  | 3.500000e-03 | 6.000000e-01 |  0.1270  0.1030
0127  | 4.000000e-03 | 6.000000e-01 |  0.1280  0.1040
0128  | 4.500000e-03 | 6.000000e-01 |  0.1280  0.1050
0129  | 5.000000e-03 | 6.000000e-01 |  0.1280  0.1050
0130  | 5.500000e-03 | 6.000000e-01 |  0.1280  0.1060
0131  | 6.000000e-03 | 6.000000e-01 |  0.1280  0.1070
0132  | 6.500000e-03 | 6.000000e-01 |  0.1280  0.1070
0133  | 7.000000e-03 | 6.000000e-01 |  0.1280  0.1080
0134  | 7.500000e-03 | 6.000000e-01 |  0.1280  0.1090
0135  | 8.000000e-03 | 6.000000e-01 |  0.1280  0.1090
0136  | 1.000000e-03 | 7.000000e-01 |  0.1260  0.1520
0137  | 1.500000e-03 | 7.000000e-01 |  0.1270  0.1530
0138  | 2.000000e-03 | 7.000000e-01 |  0.1270  0.1540
0139  | 2.500000e-03 | 7.000000e-01 |  0.1280  0.1540
0140  | 3.000000e-03 | 7.000000e-01 |  0.1280  0.1550
0141  | 3.500000e-03 | 7.000000e-01 |  0.1280  0.1550
0142  | 4.000000e-03 | 7.000000e-01 |  0.1290  0.1560
0143  | 4.500000e-03 | 7.000000e-01 |  0.1290  0.1570
0144  | 5.000000e-03 | 7.000000e-01 |  0.1290  0.1570
0145  | 5.500000e-03 | 7.000000e-01 |  0.1290  0.1580
0146  | 6.000000e-03 | 7.000000e-01 |  0.1290  0.1580
0147  | 6.500000e-03 | 7.000000e-01 |  0.1290  0.1590
0148  | 7.000000e-03 | 7.000000e-01 |  0.1280  0.1590
0149  | 7.500000e-03 | 7.000000e-01 |  0.1280  0.1600
0150  | 8.000000e-03 | 7.000000e-01 |  0.1280  0.1600
0151  | 1.000000e-03 | 8.000000e-01 |  0.1170  0.2050
0152  | 1.500000e-03 | 8.000000e-01 |  0.1180  0.2060
0153  | 2.000000e-03 | 8.000000e-01 |  0.1190  0.2060
0154  | 2.500000e-03 | 8.000000e-01 |  0.1200  0.2070
0155  | 3.000000e-03 | 8.000000e-01 |  0.1210  0.2070
0156  | 3.500000e-03 | 8.000000e-01 |  0.1210  0.2070
0157  | 4.000000e-03 | 8.000000e-01 |  0.1220  0.2080
0158  | 4.500000e-03 | 8.000000e-01 |  0.1220  0.2080
0159  | 5.000000e-03 | 8.000000e-01 |  0.1220  0.2090
0160  | 5.500000e-03 | 8.000000e-01 |  0.1220  0.2090
0161  | 6.000000e-03 | 8.000000e-01 |  0.1220  0.2090
0162  | 6.500000e-03 | 8.000000e-01 |  0.1220  0.2100
0163  | 7.000000e-03 | 8.000000e-01 |  0.1220  0.2100
0164  | 7.500000e-03 | 8.000000e-01 |  0.1220  0.2110
0165  | 8.000000e-03 | 8.000000e-01 |  0.1220  0.2110
0166  | 1.000000e-03 | 9.000000e-01 |  0.0970  0.2590
0167  | 1.500000e-03 | 9.000000e-01 |  0.1000  0.2570
0168  | 2.000000e-03 | 9.000000e-01 |  0.1030  0.2570
0169  | 2.500000e-03 | 9.000000e-01 |  0.1040  0.2560
0170  | 3.000000e-03 | 9.000000e-01 |  0.1050  0.2560
0171  | 3.500000e-03 | 9.000000e-01 |  0.1060  0.2560
0172  | 4.000000e-03 | 9.000000e-01 |  0.1070  0.2560
0173  | 4.500000e-03 | 9.000000e-01 |  0.1080  0.2560
0174  | 5.000000e-03 | 9.000000e-01 |  0.1090  0.2560
0175  | 5.500000e-03 | 9.000000e-01 |  0.1090  0.2570
0176  | 6.000000e-03 | 9.000000e-01 |  0.1100  0.2570
0177  | 6.500000e-03 | 9.000000e-01 |  0.1100  0.2570
0178  | 7.000000e-03 | 9.000000e-01 |  0.1100  0.2570
0179  | 7.500000e-03 | 9.000000e-01 |  0.1110  0.2580
0180  | 8.000000e-03 | 9.000000e-01 |  0.1110  0.2580
