  0.001     0.008    -0.019
  0.001     0.020    -0.012
  0.001     0.026    -0.004
  0.001     0.031     0.007
  0.001     0.000     0.000
  0.001     0.000     0.000
  0.001     0.000     0.000
  0.001     0.065     0.071
  0.001     0.081     0.086
  0.001     0.099     0.099
  0.001     0.119     0.111
  0.001     0.138     0.122
  0.001     0.158     0.131
  0.001     0.177     0.140
  0.001     0.196     0.148
  0.010     0.000     0.000
  0.010     0.097     0.016
  0.010     0.174     0.034
  0.010     0.234     0.042
  0.010     0.284     0.047
  0.010     0.328     0.051
  0.010     0.368     0.054
  0.010     0.406     0.057
  0.010     0.444     0.060
  0.010     0.481     0.063
  0.010     0.519     0.066
  0.010     0.557     0.068
  0.010     0.595     0.071
  0.010     0.634     0.074
  0.010     0.674     0.077
  0.020     0.007    -0.000
  0.020     0.100     0.040
  0.020     0.183     0.049
  0.020     0.244     0.052
  0.020     0.295     0.055
  0.020     0.339     0.057
  0.020     0.379     0.058
  0.020     0.417     0.059
  0.020     0.455     0.061
  0.020     0.492     0.062
  0.020     0.530     0.064
  0.020     0.568     0.065
  0.020     0.606     0.067
  0.020     0.645     0.069
  0.020     0.685     0.071
  0.030     0.000     0.000
  0.030     0.091     0.064
  0.030     0.181     0.069
  0.030     0.244     0.071
  0.030     0.295     0.072
  0.030     0.339     0.073
  0.030     0.379     0.074
  0.030     0.418     0.075
  0.030     0.455     0.076
  0.030     0.493     0.077
  0.030     0.531     0.078
  0.030     0.569     0.079
  0.030     0.607     0.080
  0.030     0.646     0.082
  0.030     0.686     0.084
  0.040     0.000     0.000
  0.040     0.073     0.089
  0.040     0.174     0.091
  0.040     0.239     0.091
  0.040     0.291     0.092
  0.040     0.336     0.092
  0.040     0.377     0.092
  0.040     0.416     0.093
  0.040     0.454     0.094
  0.040     0.492     0.095
  0.040     0.529     0.096
  0.040     0.567     0.097
  0.040     0.606     0.098
  0.040     0.645     0.100
  0.040     0.685     0.101
  0.050     0.000     0.000
  0.050     0.046     0.133
  0.050     0.165     0.113
  0.050     0.233     0.112
  0.050     0.286     0.112
  0.050     0.332     0.112
  0.050     0.373     0.112
  0.050     0.412     0.113
  0.050     0.451     0.113
  0.050     0.489     0.114
  0.050     0.527     0.115
  0.050     0.565     0.116
  0.050     0.604     0.118
  0.050     0.643     0.119
  0.050     0.684     0.121
  0.060     0.000     0.000
  0.060     0.041     0.181
  0.060     0.153     0.137
  0.060     0.224     0.134
  0.060     0.279     0.133
  0.060     0.326     0.132
  0.060     0.368     0.133
  0.060     0.408     0.133
  0.060     0.447     0.134
  0.060     0.485     0.134
  0.060     0.523     0.135
  0.060     0.562     0.136
  0.060     0.601     0.138
  0.060     0.640     0.139
  0.060     0.681     0.141
  0.070     0.000     0.000
  0.070     0.036     0.222
  0.070     0.137     0.163
  0.070     0.214     0.157
  0.070     0.271     0.155
  0.070     0.319     0.154
  0.070     0.362     0.153
  0.070     0.402     0.154
  0.070     0.441     0.154
  0.070     0.480     0.155
  0.070     0.519     0.156
  0.070     0.558     0.157
  0.070     0.597     0.158
  0.070     0.637     0.160
  0.070     0.678     0.162
  0.080     0.000     0.000
  0.080     0.000     0.000
  0.080     0.119     0.191
  0.080     0.201     0.180
  0.080     0.261     0.176
  0.080     0.310     0.175
  0.080     0.354     0.174
  0.080     0.396     0.174
  0.080     0.436     0.175
  0.080     0.475     0.176
  0.080     0.514     0.176
  0.080     0.554     0.178
  0.080     0.593     0.179
  0.080     0.633     0.181
  0.080     0.675     0.183
  0.090     0.000     0.000
  0.090     0.000     0.000
  0.090     0.098     0.223
  0.090     0.186     0.203
  0.090     0.249     0.199
  0.090     0.301     0.196
  0.090     0.346     0.195
  0.090     0.388     0.195
  0.090     0.429     0.196
  0.090     0.469     0.196
  0.090     0.509     0.197
  0.090     0.548     0.198
  0.090     0.588     0.200
  0.090     0.629     0.202
  0.090     0.671     0.204
