0001  | 1.000000e-02 | 1.000000e-03 |  NaN     NaN
0002  | 1.200000e-02 | 1.000000e-03 |  NaN     NaN
0003  | 1.400000e-02 | 1.000000e-03 |  NaN     NaN 
0004  | 1.600000e-02 | 1.000000e-03 |  NaN     NaN
0005  | 1.800000e-02 | 1.000000e-03 |  NaN     NaN
0006  | 2.000000e-02 | 1.000000e-03 |  NaN     NaN 
0007  | 2.200000e-02 | 1.000000e-03 |  NaN     NaN
0008  | 2.400000e-02 | 1.000000e-03 |  NaN     NaN        
0009  | 2.600000e-02 | 1.000000e-03 |  NaN     NaN        
0010  | 2.800000e-02 | 1.000000e-03 |  NaN     NaN        
0011  | 3.000000e-02 | 1.000000e-03 |  NaN     NaN        
0012  | 1.000000e-02 | 1.000000e-02 |  NaN     NaN        
0013  | 1.200000e-02 | 1.000000e-02 |  NaN     NaN        
0014  | 1.400000e-02 | 1.000000e-02 |  NaN     NaN        
0015  | 1.600000e-02 | 1.000000e-02 |  NaN     NaN        
0016  | 1.800000e-02 | 1.000000e-02 |  0.0120  0.0250
0017  | 2.000000e-02 | 1.000000e-02 |  0.0230  0.0300
0018  | 2.200000e-02 | 1.000000e-02 |  0.0340  0.0330
0019  | 2.400000e-02 | 1.000000e-02 |  0.0450  0.0350
0020  | 2.600000e-02 | 1.000000e-02 |  0.0560  0.0370
0021  | 2.800000e-02 | 1.000000e-02 |  0.0650  0.0390
0022  | 3.000000e-02 | 1.000000e-02 |  0.0750  0.0410
0023  | 1.000000e-02 | 2.000000e-02 |  0.0000  0.0000        
0024  | 1.200000e-02 | 2.000000e-02 |  0.0000  0.0000        
0025  | 1.400000e-02 | 2.000000e-02 |  0.0000  0.0000        
0026  | 1.600000e-02 | 2.000000e-02 |  0.0020  0.0210      
0027  | 1.800000e-02 | 2.000000e-02 |  0.0180  0.0330
0028  | 2.000000e-02 | 2.000000e-02 |  0.0300  0.0330
0029  | 2.200000e-02 | 2.000000e-02 |  0.0420  0.0340
0030  | 2.400000e-02 | 2.000000e-02 |  0.0530  0.0340
0031  | 2.600000e-02 | 2.000000e-02 |  0.0640  0.0340
0032  | 2.800000e-02 | 2.000000e-02 |  0.0740  0.0350
0033  | 3.000000e-02 | 2.000000e-02 |  0.0830  0.0350
0034  | 1.000000e-02 | 3.000000e-02 |  0.0010  0.0290          
0035  | 1.200000e-02 | 3.000000e-02 |  0.0010  0.0280        
0036  | 1.400000e-02 | 3.000000e-02 |  0.0010  0.0290        
0037  | 1.600000e-02 | 3.000000e-02 |  0.0010  0.0300        
0038  | 1.800000e-02 | 3.000000e-02 |  0.0140  0.0390      
0039  | 2.000000e-02 | 3.000000e-02 |  0.0300  0.0410
0040  | 2.200000e-02 | 3.000000e-02 |  0.0420  0.0410
0041  | 2.400000e-02 | 3.000000e-02 |  0.0530  0.0400
0042  | 2.600000e-02 | 3.000000e-02 |  0.0640  0.0400
0043  | 2.800000e-02 | 3.000000e-02 |  0.0740  0.0400
0044  | 3.000000e-02 | 3.000000e-02 |  0.0830  0.0400
0045  | 1.000000e-02 | 4.000000e-02 |  0.0040  0.0310        
0046  | 1.200000e-02 | 4.000000e-02 |  0.0040  0.0300        
0047  | 1.400000e-02 | 4.000000e-02 |  0.0040  0.0300        
0048  | 1.600000e-02 | 4.000000e-02 |  0.0040  0.0300        
0049  | 1.800000e-02 | 4.000000e-02 |  0.0080  0.0360        
0050  | 2.000000e-02 | 4.000000e-02 |  0.0260  0.0500
0051  | 2.200000e-02 | 4.000000e-02 |  0.0390  0.0490
0052  | 2.400000e-02 | 4.000000e-02 |  0.0510  0.0490
0053  | 2.600000e-02 | 4.000000e-02 |  0.0610  0.0490
0054  | 2.800000e-02 | 4.000000e-02 |  0.0720  0.0480
0055  | 3.000000e-02 | 4.000000e-02 |  0.0810  0.0480
0056  | 1.000000e-02 | 5.000000e-02 |  0.0070  0.0300         
0057  | 1.200000e-02 | 5.000000e-02 |  0.0070  0.0300        
0058  | 1.400000e-02 | 5.000000e-02 |  0.0070  0.0300        
0059  | 1.600000e-02 | 5.000000e-02 |  0.0070  0.0300        
0060  | 1.800000e-02 | 5.000000e-02 |  0.0070  0.0300        
0061  | 2.000000e-02 | 5.000000e-02 |  0.0170  0.0540        
0062  | 2.200000e-02 | 5.000000e-02 |  0.0330  0.0580
0063  | 2.400000e-02 | 5.000000e-02 |  0.0460  0.0580
0064  | 2.600000e-02 | 5.000000e-02 |  0.0580  0.0580
0065  | 2.800000e-02 | 5.000000e-02 |  0.0680  0.0580
0066  | 3.000000e-02 | 5.000000e-02 |  0.0780  0.0570
0067  | 1.000000e-02 | 6.000000e-02 |  0.0090  0.0310         
0068  | 1.200000e-02 | 6.000000e-02 |  0.0090  0.0310        
0069  | 1.400000e-02 | 6.000000e-02 |  0.0090  0.0300        
0070  | 1.600000e-02 | 6.000000e-02 |  0.0090  0.0300        
0071  | 1.800000e-02 | 6.000000e-02 |  0.0090  0.0300        
0072  | 2.000000e-02 | 6.000000e-02 |  0.0090  0.0300        
0073  | 2.200000e-02 | 6.000000e-02 |  0.0250  0.0670
0074  | 2.400000e-02 | 6.000000e-02 |  0.0390  0.0680
0075  | 2.600000e-02 | 6.000000e-02 |  0.0520  0.0680
0076  | 2.800000e-02 | 6.000000e-02 |  0.0630  0.0670
0077  | 3.000000e-02 | 6.000000e-02 |  0.0740  0.0670
0078  | 1.000000e-02 | 7.000000e-02 |  0.0110  0.0310         
0079  | 1.200000e-02 | 7.000000e-02 |  0.0110  0.0310         
0080  | 1.400000e-02 | 7.000000e-02 |  0.0110  0.0310        
0081  | 1.600000e-02 | 7.000000e-02 |  0.0110  0.0310        
0082  | 1.800000e-02 | 7.000000e-02 |  0.0120  0.0300        
0083  | 2.000000e-02 | 7.000000e-02 |  0.0120  0.0300        
0084  | 2.200000e-02 | 7.000000e-02 |  0.0120  0.0300        
0085  | 2.400000e-02 | 7.000000e-02 |  0.0290  0.0770
0086  | 2.600000e-02 | 7.000000e-02 |  0.0440  0.0780
0087  | 2.800000e-02 | 7.000000e-02 |  0.0570  0.0780
0088  | 3.000000e-02 | 7.000000e-02 |  0.0680  0.0770
0089  | 1.000000e-02 | 8.000000e-02 |  0.0130  0.0320        
0090  | 1.200000e-02 | 8.000000e-02 |  0.0130  0.0320        
0091  | 1.400000e-02 | 8.000000e-02 |  0.0130  0.0310        
0092  | 1.600000e-02 | 8.000000e-02 |  0.0130  0.0310        
0093  | 1.800000e-02 | 8.000000e-02 |  0.0130  0.0310        
0094  | 2.000000e-02 | 8.000000e-02 |  0.0140  0.0310        
0095  | 2.200000e-02 | 8.000000e-02 |  0.0140  0.0310        
0096  | 2.400000e-02 | 8.000000e-02 |  0.0150  0.0310        
0097  | 2.600000e-02 | 8.000000e-02 |  0.0310  0.0870
0098  | 2.800000e-02 | 8.000000e-02 |  0.0470  0.0890
0099  | 3.000000e-02 | 8.000000e-02 |  0.0600  0.0890
0100  | 1.000000e-02 | 9.000000e-02 |  0.0140  0.0330       
0101  | 1.200000e-02 | 9.000000e-02 |  0.0140  0.0330         
0102  | 1.400000e-02 | 9.000000e-02 |  0.0150  0.0320        
0103  | 1.600000e-02 | 9.000000e-02 |  0.0150  0.0320        
0104  | 1.800000e-02 | 9.000000e-02 |  0.0150  0.0320        
0105  | 2.000000e-02 | 9.000000e-02 |  0.0140  0.0360        
0106  | 2.200000e-02 | 9.000000e-02 |  0.0080  0.0530        
0107  | 2.400000e-02 | 9.000000e-02 |  0.0100  0.0810        
0108  | 2.600000e-02 | 9.000000e-02 |  0.0100  0.0860        
0109  | 2.800000e-02 | 9.000000e-02 |  0.0280  0.1000        
0110  | 3.000000e-02 | 9.000000e-02 |  0.0490  0.1020
