0001  | 0.000000e+00 | 1.000000e-02 |     NaN     NaN
0002  | 2.000000e-03 | 1.000000e-02 |     NaN     NaN
0003  | 4.000000e-03 | 1.000000e-02 |     NaN     NaN
0004  | 6.000000e-03 | 1.000000e-02 |     NaN     NaN
0005  | 8.000000e-03 | 1.000000e-02 |     NaN     NaN
0006  | 1.000000e-02 | 1.000000e-02 |  0.0160 -0.0190
0007  | 2.000000e-02 | 1.000000e-02 |  0.0660  0.0050
0008  | 3.000000e-02 | 1.000000e-02 |  0.1040  0.0190
0009  | 0.000000e+00 | 2.000000e-02 |     NaN     NaN
0010  | 2.000000e-03 | 2.000000e-02 |     NaN     NaN
0011  | 4.000000e-03 | 2.000000e-02 |     NaN     NaN
0012  | 6.000000e-03 | 2.000000e-02 |     NaN     NaN
0013  | 8.000000e-03 | 2.000000e-02 |     NaN     NaN
0014  | 1.000000e-02 | 2.000000e-02 |     NaN     NaN
0015  | 2.000000e-02 | 2.000000e-02 |  0.0720  0.0160
0016  | 3.000000e-02 | 2.000000e-02 |  0.1130  0.0220
0017  | 0.000000e+00 | 3.000000e-02 |     NaN     NaN
0018  | 2.000000e-03 | 3.000000e-02 |     NaN     NaN
0019  | 4.000000e-03 | 3.000000e-02 |     NaN     NaN
0020  | 6.000000e-03 | 3.000000e-02 |     NaN     NaN
0021  | 8.000000e-03 | 3.000000e-02 |     NaN     NaN
0022  | 1.000000e-02 | 3.000000e-02 |     NaN     NaN
0023  | 2.000000e-02 | 3.000000e-02 |  0.0720  0.0270
0024  | 3.000000e-02 | 3.000000e-02 |  0.1140  0.0300
0025  | 0.000000e+00 | 4.000000e-02 |     NaN     NaN
0026  | 2.000000e-03 | 4.000000e-02 |     NaN     NaN
0027  | 4.000000e-03 | 4.000000e-02 |     NaN     NaN
0028  | 6.000000e-03 | 4.000000e-02 |     NaN     NaN
0029  | 8.000000e-03 | 4.000000e-02 |     NaN     NaN
0030  | 1.000000e-02 | 4.000000e-02 |     NaN     NaN
0031  | 2.000000e-02 | 4.000000e-02 |  0.0700  0.0370
0032  | 3.000000e-02 | 4.000000e-02 |  0.1130  0.0390
0033  | 0.000000e+00 | 5.000000e-02 |     NaN     NaN
0034  | 2.000000e-03 | 5.000000e-02 |     NaN     NaN
0035  | 4.000000e-03 | 5.000000e-02 |     NaN     NaN
0036  | 6.000000e-03 | 5.000000e-02 |     NaN     NaN
0037  | 8.000000e-03 | 5.000000e-02 |     NaN     NaN
0038  | 1.000000e-02 | 5.000000e-02 |     NaN     NaN
0039  | 2.000000e-02 | 5.000000e-02 |  0.0670  0.0470
0040  | 3.000000e-02 | 5.000000e-02 |  0.1110  0.0480
0041  | 0.000000e+00 | 1.000000e-01 |  0.0150  0.0660
0042  | 2.000000e-03 | 1.000000e-01 |  0.0150  0.0660
0043  | 4.000000e-03 | 1.000000e-01 |  0.0150  0.0660
0044  | 6.000000e-03 | 1.000000e-01 |  0.0150  0.0660
0045  | 8.000000e-03 | 1.000000e-01 |     NaN     NaN
0046  | 1.000000e-02 | 1.000000e-01 |     NaN     NaN
0047  | 2.000000e-02 | 1.000000e-01 |     NaN     NaN
0048  | 3.000000e-02 | 1.000000e-01 |  0.0860  0.0990
0049  | 0.000000e+00 | 1.500000e-01 |  0.0280  0.0700
0050  | 2.000000e-03 | 1.500000e-01 |  0.0280  0.0700
0051  | 4.000000e-03 | 1.500000e-01 |  0.0280  0.0700
0052  | 6.000000e-03 | 1.500000e-01 |  0.0280  0.0700
0053  | 8.000000e-03 | 1.500000e-01 |  0.0280  0.0700
0054  | 1.000000e-02 | 1.500000e-01 |  0.0280  0.0710
0055  | 2.000000e-02 | 1.500000e-01 |     NaN     NaN
0056  | 3.000000e-02 | 1.500000e-01 |  0.0570  0.1810
0057  | 0.000000e+00 | 2.000000e-01 |  0.0380  0.0780
0058  | 2.000000e-03 | 2.000000e-01 |  0.0380  0.0780
0059  | 4.000000e-03 | 2.000000e-01 |  0.0380  0.0780
0060  | 6.000000e-03 | 2.000000e-01 |  0.0380  0.0780
0061  | 8.000000e-03 | 2.000000e-01 |  0.0380  0.0780
0062  | 1.000000e-02 | 2.000000e-01 |  0.0380  0.0780
0063  | 2.000000e-02 | 2.000000e-01 |  0.0380  0.0790
0064  | 3.000000e-02 | 2.000000e-01 |     NaN     NaN
0065  | 0.000000e+00 | 3.000000e-01 |     NaN     NaN
0066  | 2.000000e-03 | 3.000000e-01 |  0.0480  0.1010
0067  | 4.000000e-03 | 3.000000e-01 |  0.0470  0.1010
0068  | 6.000000e-03 | 3.000000e-01 |  0.0470  0.1010
0069  | 8.000000e-03 | 3.000000e-01 |  0.0470  0.1000
0070  | 1.000000e-02 | 3.000000e-01 |  0.0470  0.1000
0071  | 2.000000e-02 | 3.000000e-01 |  0.0450  0.1010
0072  | 3.000000e-02 | 3.000000e-01 |  0.0430  0.1020
0073  | 0.000000e+00 | 4.000000e-01 |  0.0600  0.1760
0074  | 2.000000e-03 | 4.000000e-01 |  0.0570  0.1750
0075  | 4.000000e-03 | 4.000000e-01 |     NaN     NaN
0076  | 6.000000e-03 | 4.000000e-01 |     NaN     NaN
0077  | 8.000000e-03 | 4.000000e-01 |     NaN     NaN
0078  | 1.000000e-02 | 4.000000e-01 |     NaN     NaN
0079  | 2.000000e-02 | 4.000000e-01 |     NaN     NaN
0080  | 3.000000e-02 | 4.000000e-01 |     NaN     NaN
0081  | 0.000000e+00 | 5.000000e-01 |     NaN     NaN
0082  | 2.000000e-03 | 5.000000e-01 |     NaN     NaN
0083  | 4.000000e-03 | 5.000000e-01 |     NaN     NaN
0084  | 6.000000e-03 | 5.000000e-01 |     NaN     NaN
0085  | 8.000000e-03 | 5.000000e-01 |     NaN     NaN
0086  | 1.000000e-02 | 5.000000e-01 |     NaN     NaN
0087  | 2.000000e-02 | 5.000000e-01 |     NaN     NaN
0088  | 3.000000e-02 | 5.000000e-01 |     NaN     NaN
