# CREATED BY GENE DIAGNOSTICS TOOL on Fri Nov 20 16:43:28 2020
# diag: zprofile, run(s): 0043, time window: 50-61(46 steps), species: ions
# original data path: /ptmp/jproll/critgrad/TEMgradn/W7XSC/bean/scanfiles0002/
# normalization: L_ref=1.65m
#
# variable A = phi
#  z/qR       <|A|>       <|A|²>^½    <|A²|-|A|²
 -3.1416E+00  0.0000E+00  7.8622E+06  7.8622E+06
 -3.0925E+00  0.0000E+00  7.7348E+06  7.7348E+06
 -3.0434E+00  0.0000E+00  6.9413E+06  6.9413E+06
 -2.9943E+00  0.0000E+00  6.0838E+06  6.0838E+06
 -2.9452E+00  0.0000E+00  4.9934E+06  4.9934E+06
 -2.8962E+00  0.0000E+00  3.9245E+06  3.9245E+06
 -2.8471E+00  0.0000E+00  2.8719E+06  2.8719E+06
 -2.7980E+00  0.0000E+00  1.9690E+06  1.9690E+06
 -2.7489E+00  0.0000E+00  1.4870E+06  1.4870E+06
 -2.6998E+00  0.0000E+00  2.0481E+06  2.0481E+06
 -2.6507E+00  0.0000E+00  3.0496E+06  3.0496E+06
 -2.6016E+00  0.0000E+00  3.6924E+06  3.6924E+06
 -2.5525E+00  0.0000E+00  4.0394E+06  4.0394E+06
 -2.5035E+00  0.0000E+00  4.3449E+06  4.3449E+06
 -2.4544E+00  0.0000E+00  4.6617E+06  4.6617E+06
 -2.4053E+00  0.0000E+00  5.1688E+06  5.1688E+06
 -2.3562E+00  0.0000E+00  5.7288E+06  5.7288E+06
 -2.3071E+00  0.0000E+00  6.3242E+06  6.3242E+06
 -2.2580E+00  0.0000E+00  6.8814E+06  6.8814E+06
 -2.2089E+00  0.0000E+00  7.2998E+06  7.2998E+06
 -2.1598E+00  0.0000E+00  7.4759E+06  7.4759E+06
 -2.1108E+00  0.0000E+00  7.2643E+06  7.2643E+06
 -2.0617E+00  0.0000E+00  6.3956E+06  6.3956E+06
 -2.0126E+00  0.0000E+00  4.4600E+06  4.4600E+06
 -1.9635E+00  0.0000E+00  1.8349E+06  1.8349E+06
 -1.9144E+00  0.0000E+00  5.0853E+06  5.0853E+06
 -1.8653E+00  0.0000E+00  1.0077E+07  1.0077E+07
 -1.8162E+00  0.0000E+00  1.2481E+07  1.2481E+07
 -1.7671E+00  0.0000E+00  1.1472E+07  1.1472E+07
 -1.7181E+00  0.0000E+00  8.0771E+06  8.0771E+06
 -1.6690E+00  0.0000E+00  4.0338E+06  4.0338E+06
 -1.6199E+00  0.0000E+00  3.7399E+06  3.7399E+06
 -1.5708E+00  0.0000E+00  5.3432E+06  5.3432E+06
 -1.5217E+00  0.0000E+00  6.3305E+06  6.3305E+06
 -1.4726E+00  0.0000E+00  6.3567E+06  6.3567E+06
 -1.4235E+00  0.0000E+00  5.8596E+06  5.8596E+06
 -1.3744E+00  0.0000E+00  5.1200E+06  5.1200E+06
 -1.3254E+00  0.0000E+00  4.5057E+06  4.5057E+06
 -1.2763E+00  0.0000E+00  5.2448E+06  5.2448E+06
 -1.2272E+00  0.0000E+00  7.8840E+06  7.8840E+06
 -1.1781E+00  0.0000E+00  1.2191E+07  1.2191E+07
 -1.1290E+00  0.0000E+00  1.6569E+07  1.6569E+07
 -1.0799E+00  0.0000E+00  2.0595E+07  2.0595E+07
 -1.0308E+00  0.0000E+00  2.4099E+07  2.4099E+07
 -9.8175E-01  0.0000E+00  2.6258E+07  2.6258E+07
 -9.3266E-01  0.0000E+00  2.8054E+07  2.8054E+07
 -8.8357E-01  0.0000E+00  2.9109E+07  2.9109E+07
 -8.3449E-01  0.0000E+00  2.8166E+07  2.8166E+07
 -7.8540E-01  0.0000E+00  2.4033E+07  2.4033E+07
 -7.3631E-01  0.0000E+00  1.6222E+07  1.6222E+07
 -6.8722E-01  0.0000E+00  8.4119E+06  8.4119E+06
 -6.3814E-01  0.0000E+00  1.0581E+07  1.0581E+07
 -5.8905E-01  0.0000E+00  2.3389E+07  2.3389E+07
 -5.3996E-01  0.0000E+00  4.5019E+07  4.5019E+07
 -4.9087E-01  0.0000E+00  7.1711E+07  7.1711E+07
 -4.4179E-01  0.0000E+00  9.5909E+07  9.5909E+07
 -3.9270E-01  0.0000E+00  1.1302E+08  1.1302E+08
 -3.4361E-01  0.0000E+00  1.2119E+08  1.2119E+08
 -2.9452E-01  0.0000E+00  1.3207E+08  1.3207E+08
 -2.4544E-01  0.0000E+00  1.4684E+08  1.4684E+08
 -1.9635E-01  0.0000E+00  1.7348E+08  1.7348E+08
 -1.4726E-01  0.0000E+00  2.0702E+08  2.0702E+08
 -9.8175E-02  0.0000E+00  2.3583E+08  2.3583E+08
 -4.9087E-02  0.0000E+00  2.6093E+08  2.6093E+08
  0.0000E+00  0.0000E+00  2.6888E+08  2.6888E+08
  4.9087E-02  0.0000E+00  2.6093E+08  2.6093E+08
  9.8175E-02  0.0000E+00  2.3585E+08  2.3585E+08
  1.4726E-01  0.0000E+00  2.0705E+08  2.0705E+08
  1.9635E-01  0.0000E+00  1.7352E+08  1.7352E+08
  2.4544E-01  0.0000E+00  1.4688E+08  1.4688E+08
  2.9452E-01  0.0000E+00  1.3211E+08  1.3211E+08
  3.4361E-01  0.0000E+00  1.2123E+08  1.2123E+08
  3.9270E-01  0.0000E+00  1.1306E+08  1.1306E+08
  4.4179E-01  0.0000E+00  9.5940E+07  9.5940E+07
  4.9087E-01  0.0000E+00  7.1736E+07  7.1736E+07
  5.3996E-01  0.0000E+00  4.5038E+07  4.5038E+07
  5.8905E-01  0.0000E+00  2.3402E+07  2.3402E+07
  6.3814E-01  0.0000E+00  1.0591E+07  1.0591E+07
  6.8722E-01  0.0000E+00  8.4234E+06  8.4234E+06
  7.3631E-01  0.0000E+00  1.6236E+07  1.6236E+07
  7.8540E-01  0.0000E+00  2.4051E+07  2.4051E+07
  8.3449E-01  0.0000E+00  2.8186E+07  2.8186E+07
  8.8357E-01  0.0000E+00  2.9128E+07  2.9128E+07
  9.3266E-01  0.0000E+00  2.8071E+07  2.8071E+07
  9.8175E-01  0.0000E+00  2.6270E+07  2.6270E+07
  1.0308E+00  0.0000E+00  2.4106E+07  2.4106E+07
  1.0799E+00  0.0000E+00  2.0597E+07  2.0597E+07
  1.1290E+00  0.0000E+00  1.6567E+07  1.6567E+07
  1.1781E+00  0.0000E+00  1.2186E+07  1.2186E+07
  1.2272E+00  0.0000E+00  7.8778E+06  7.8778E+06
  1.2763E+00  0.0000E+00  5.2416E+06  5.2416E+06
  1.3254E+00  0.0000E+00  4.5096E+06  4.5096E+06
  1.3744E+00  0.0000E+00  5.1301E+06  5.1301E+06
  1.4235E+00  0.0000E+00  5.8755E+06  5.8755E+06
  1.4726E+00  0.0000E+00  6.3743E+06  6.3743E+06
  1.5217E+00  0.0000E+00  6.3425E+06  6.3425E+06
  1.5708E+00  0.0000E+00  5.3398E+06  5.3398E+06
  1.6199E+00  0.0000E+00  3.7114E+06  3.7114E+06
  1.6690E+00  0.0000E+00  4.0153E+06  4.0153E+06
  1.7181E+00  0.0000E+00  8.0919E+06  8.0919E+06
  1.7671E+00  0.0000E+00  1.1509E+07  1.1509E+07
  1.8162E+00  0.0000E+00  1.2534E+07  1.2534E+07
  1.8653E+00  0.0000E+00  1.0133E+07  1.0133E+07
  1.9144E+00  0.0000E+00  5.1409E+06  5.1409E+06
  1.9635E+00  0.0000E+00  1.9089E+06  1.9089E+06
  2.0126E+00  0.0000E+00  4.4847E+06  4.4847E+06
  2.0617E+00  0.0000E+00  6.4047E+06  6.4047E+06
  2.1108E+00  0.0000E+00  7.2560E+06  7.2560E+06
  2.1598E+00  0.0000E+00  7.4460E+06  7.4460E+06
  2.2089E+00  0.0000E+00  7.2461E+06  7.2461E+06
  2.2580E+00  0.0000E+00  6.8027E+06  6.8027E+06
  2.3071E+00  0.0000E+00  6.2226E+06  6.2226E+06
  2.3562E+00  0.0000E+00  5.6090E+06  5.6090E+06
  2.4053E+00  0.0000E+00  5.0376E+06  5.0376E+06
  2.4544E+00  0.0000E+00  4.5341E+06  4.5341E+06
  2.5035E+00  0.0000E+00  4.2404E+06  4.2404E+06
  2.5525E+00  0.0000E+00  3.9759E+06  3.9759E+06
  2.6016E+00  0.0000E+00  3.6723E+06  3.6723E+06
  2.6507E+00  0.0000E+00  3.0584E+06  3.0584E+06
  2.6998E+00  0.0000E+00  2.0680E+06  2.0680E+06
  2.7489E+00  0.0000E+00  1.5169E+06  1.5169E+06
  2.7980E+00  0.0000E+00  1.9391E+06  1.9391E+06
  2.8471E+00  0.0000E+00  2.6801E+06  2.6801E+06
  2.8962E+00  0.0000E+00  3.5809E+06  3.5809E+06
  2.9452E+00  0.0000E+00  4.5813E+06  4.5813E+06
  2.9943E+00  0.0000E+00  5.6180E+06  5.6180E+06
  3.0434E+00  0.0000E+00  6.2980E+06  6.2980E+06
  3.0925E+00  0.0000E+00  6.7448E+06  6.7448E+06
