#Run  | kymin     1  /Eigenvalue1            
0001  | 2.500000e-02 |  0.0180 -0.0220
0002  | 5.000000e-02 |  0.0340  0.0490
0003  | 8.000000e-01 |  0.3270 -0.0730
0001  | 2.500000e-02 |  0.0150  0.0410
0002  | 5.000000e-02 |  0.0250  0.0400
0003  | 8.000000e-01 |  0.2590  0.0380
0001  | 2.500000e-02 |  0.1910  3.0110
0002  | 5.000000e-02 |  0.7830  0.6440
0003  | 8.000000e-01 |  0.1820  0.2350
0001  | 2.500000e-02 |  2.5900  4.8020
0002  | 5.000000e-02 |  2.1230  2.6670
0003  | 8.000000e-01 |  0.1230  0.4950
0001  | 2.500000e-02 | 13.2920  7.7070
0002  | 5.000000e-02 | 14.7720  4.0660
0003  | 8.000000e-01 |  3.2010  2.9360
