#Run  | kymin     1  /Eigenvalue1            
0001  | 2.500000e-02 |  0.0140  0.0310
0002  | 5.000000e-02 |  0.0250  0.0290
0003  | 8.000000e-01 |  0.3710 -0.1050
0001  | 2.500000e-02 |  0.0090  0.0690
0002  | 5.000000e-02 |     NaN     NaN
0003  | 8.000000e-01 |  0.2920  0.0430
0001  | 2.500000e-02 |  0.2300  2.8280
0002  | 5.000000e-02 |  0.6330  0.6900
0003  | 8.000000e-01 |  0.2190  0.2410
0001  | 2.500000e-02 |  1.6500  3.3540
0002  | 5.000000e-02 |  2.4020  1.9700
0003  | 8.000000e-01 |  0.1110  0.5170
0001  | 2.500000e-02 |  7.2430  0.4080
0002  | 5.000000e-02 |  5.2990  2.3540
0003  | 8.000000e-01 |  0.0560  0.4480
