     1.7930726961065369      1.6710230481724320      2.2248302095362109      1.0940586248775148     12.3557158988992022      0.0179725938153334      0.1048493703960627     -0.7085065746779886      0.0000000000000000
     1.3945283778742645      1.2888505188003436      2.0033951250692548      1.0642629816883242     12.3645957421140178     -0.0316303657021516      0.1077828164239149     -0.3676506070933090      0.0000000000000000
     1.1714470523303122      0.9959794672753070      1.7878022484290923      1.0499240805114245     12.2546635188084831     -0.0049511445241158      0.0940054315357967     -0.4303054563078290      0.0000000000000000
     0.9959079374870363      0.6921560175457505      1.5190255750991768      1.0167249750361633     12.4140148911169401     -0.0096496741475884      0.0433471877889295     -0.7690737015628782      0.0000000000000000
     0.8967594043749805      0.4905365856872322      1.3628475589626043      0.9907170248519573     12.3816053859782560     -0.0541507782275264      0.0453360069712575     -0.2337560831881431      0.0000000000000000
     0.8740818223265566      0.3818955269150642      1.2808642777793071      0.9867806182716555     12.2008167659900391     -0.0440293087502856      0.0484763409841580     -0.0640075415920969      0.0000000000000000
     0.8671580322564150      0.2910238488769972      1.1988067084494556      0.9771693741310348     12.2223420140358954     -0.0367249436112841      0.0197765769451277     -0.2886200383970514      0.0000000000000000
     0.8525698289961490      0.2140989912313764      1.1519486605259415      0.9676147448600873     12.2665763934120644     -0.0464007045893696     -0.0094217294829282     -0.0448814034926421      0.0000000000000000
     0.8356108281445851      0.1667539217280362      1.1568604958554587      0.9689573192756507     12.2493657014865107     -0.0380269790795478     -0.0271794019962684      0.0216581297783412      0.0000000000000000
     0.8120494547096286      0.1294947845367672      1.1794680473192725      0.9700605576204105     12.3379091240419889     -0.0350686838283261     -0.0296336764681855      0.1139950051627044      0.0000000000000000
     0.7852501668049696      0.0808818696721205      1.2453485415749734      0.9855801708437603     12.3237293517516520      0.0002859231775078     -0.0441263630684668      0.4699166157657085      0.0000000000000000
     0.7367168931374982      0.0144228578754311      1.3726956793980258      1.0055247770791558     12.2735553082404500      0.0136890657849347     -0.0616807562515519      0.2662024718788386      0.0000000000000000
     0.6875305048011744     -0.0705275972950785      1.5069991486980376      1.0154475582023352     12.3943494837797701     -0.0093833914426717     -0.0620206072964740      0.2514819260032496      0.0000000000000000
     0.6785863448543854     -0.2017112824070726      1.6416424289216482      1.0360061264053948     12.4528837439010740      0.0219825855151538     -0.0642250933377754      0.5359489846426713      0.0000000000000000
     0.7049781188970892     -0.3935577550383980      1.8088094517913309      1.0584343995809395     12.4316432428088710      0.0458518058617598     -0.0970456799506100      0.3503636072304689      0.0000000000000000
     0.7721797951653845     -0.6078628149471552      1.9867845247323024      1.0791930622229120     12.4243340658734720      0.0531778407760963     -0.0956097725392085      0.5768502480735055      0.0000000000000000
     0.9107410086797620     -0.8790649569983231      2.1973426261119404      1.1083568202964973     12.3136550072874762      0.0854998319517924     -0.0888004693542964      0.4919982771057368      0.0000000000000000
     1.1178853248174669     -1.1806189802057556      2.3862454291299620      1.1285776757561110     12.2669853085293656      0.0792655250571126     -0.0994299765956919      0.4346918548776378      0.0000000000000000
     1.4130808462520910     -1.4830814356355855      2.4936965673848528      1.1507668360746295     12.1972470029811788      0.0944062403158273     -0.0846613897161343      0.3852210511744447      0.0000000000000000
     1.7448236234477608     -1.6991588290030548      2.4351415286294591      1.1669411893546049     12.1537609438055831      0.1114648675873898     -0.0750280262604362      0.3136586053804681      0.0000000000000000
     2.0518274892181254     -1.7452906381585052      2.1601923386443880      1.1774135258205687     12.1135092118023184      0.1425506241284739     -0.0579159734784582      0.0700112984993392      0.0000000000000000
     2.3061825220359955     -1.6213498519470178      1.7428988395183262      1.1792656608946801     12.0938187792047973      0.1689597092535318     -0.0572396438065478      0.0249799382052642      0.0000000000000000
     2.4615721289959280     -1.3500721818895693      1.2999242387723153      1.1735256195141701     12.0898707630360818      0.1674695960038305     -0.0361051700144481     -0.2543585091717931      0.0000000000000000
     2.5033658110176176     -0.9750136909746966      0.9166569534067218      1.1593429087210805     12.1205286420043539      0.1737352634874902     -0.0146053517532567     -0.3391300304510376      0.0000000000000000
     2.4181888921098214     -0.5581350380156472      0.6651650267818130      1.1388502792391033     12.1792117616911835      0.1564264486049391      0.0057324473889391     -0.4446539295272962      0.0000000000000000
     2.2121470519692354     -0.1450792615536597      0.5707469525649134      1.1142388417228790     12.2808622087325627      0.1477046724035625     -0.0040768812153572     -0.6682137481431416      0.0000000000000000
     1.9333319353176206      0.2290534682997768      0.6244739998077069      1.0746394908356998     12.4774102090994568      0.0928955546005491      0.0507024427462432     -0.7490314496413860      0.0000000000000000
     1.7369983285826773      0.4976417311557764      0.7819697429084892      1.0538656668886002     12.3527650637001063      0.0647473846217565      0.0810067366572394     -0.1758132476529081      0.0000000000000000
     1.5413075072659794      0.6638593570142232      0.9851118652130236      1.0380997386832764     12.3294425298107502      0.0501346018934599      0.0613172028999433     -0.5858175567552782      0.0000000000000000
     1.3216396773585188      0.7572615456558356      1.1983848784983104      1.0051805587260279     12.5378983917948048     -0.0338387038881960      0.0837963345525097     -0.5642151877076906      0.0000000000000000
     1.1918946846550920      0.8107082968825530      1.3727382973815465      0.9893995843122922     12.5778505398575149     -0.0583164782610905      0.0858024257080729     -0.1797756479366913      0.0000000000000000
     1.0860304504202145      0.8074613136978614      1.4750208819319468      0.9746403540101847     12.7773450435861093     -0.0666887386102436      0.0519894685028218     -0.4356552719666300      0.0000000000000000
     1.0002613461251357      0.7879095977112842      1.5410420088311780      0.9595015476919773     13.0132439826507085     -0.0987336613312755      0.0284200623315013     -0.0355297726338468      0.0000000000000000
     0.9926783469814956      0.8222695150429503      1.6284069601392805      0.9697201524332959     12.9791139904881589     -0.0706347056787448      0.0096513759524724      0.2882654395630419      0.0000000000000000
     1.0061630890115942      0.8775330318892424      1.7122178189610862      0.9760666717647186     13.0870989269425717     -0.0632866892913211     -0.0158218956010490      0.0047917883619724      0.0000000000000000
     1.0263697434970092      0.9617584214631237      1.8408039431617254      0.9820214914735542     13.2003694756731154     -0.0665526000866109     -0.0264311398598271      0.3045154143481280      0.0000000000000000
     1.0690263002644800      1.0982237001648747      2.0589331943385738      0.9974760346152007     13.2242570231570546     -0.0510847961408410     -0.0295933793193724      0.1805798855660228      0.0000000000000000
     1.0961336557563128      1.2344142345485858      2.3065493949461859      1.0022514245481040     13.3976685500101826     -0.0745885948803003     -0.0398984585091831      0.2121481538719227      0.0000000000000000
     1.1544153779667596      1.4136342962013517      2.6445148075569462      1.0268917361182013     13.2998220625145489     -0.0326600236402993     -0.0605697897227108      0.6257178216810135      0.0000000000000000
     1.2000419240308535      1.5900692752505452      3.0158194208907005      1.0444086557854146     13.2877691076484421     -0.0161230983289692     -0.0827439101137791      0.1340030974130524      0.0000000000000000
     1.2372744737019543      1.7699186098984789      3.4402794012368769      1.0601688544227594     13.2521583142035890     -0.0128356935357988     -0.0919846040015148      0.5382226275711012      0.0000000000000000
     1.2558263332961310      1.9267825189280867      3.8842865032357974      1.0795825126331933     13.1624948053288158      0.0164496763345971     -0.1003578628914860      0.1688061149834564      0.0000000000000000
     1.1920562770316245      1.9544304013532980      4.2026929779611191      1.0908933729202273     13.1235761755583162      0.0286419851039967     -0.1013009456909650      0.3732647652527052      0.0000000000000000
     1.0549429539734219      1.8489837284060946      4.3930306924280602      1.1025678880030301     13.0293213268187245      0.0689252015091248     -0.1172617326777265      0.0185636006328620      0.0000000000000000
     0.8551196454123473      1.5961947503602587      4.4051007323639624      1.1041061974226456     12.9883660295925853      0.0758300576882429     -0.1253266657142047      0.1449807933945685      0.0000000000000000
     0.6567466060678291      1.2737476838749671      4.3387295567150446      1.1077060751128609     12.8727196831148838      0.0721860672977786     -0.1173346254669052     -0.1111027432986052      0.0000000000000000
     0.4863669437655838      0.8822513446865646      4.0743355538180532      1.0969296677475235     12.8854144508167909      0.0592326930628351     -0.1046082526588003     -0.2489380586881963      0.0000000000000000
     0.3785696979025516      0.4756617151209505      3.7002577261383656      1.0837672177704858     12.9042465688727983      0.0313753984241561     -0.0835167718369765     -0.3224511982269890      0.0000000000000000
     0.3537241672302690      0.0963785521161437      3.2314652404404449      1.0647809755063964     12.9748626631368218      0.0018536069545338     -0.0674190962337529     -0.3997524503102289      0.0000000000000000
     0.4247457038656075     -0.2425432867891163      2.7417969537719227      1.0515413596335459     12.9516417194849431      0.0054829536104601     -0.0654896808201918     -0.1085002448986869      0.0000000000000000
     0.5957565679933027     -0.5246803409125853      2.3085773241463494      1.0488377583975725     12.7755363042324017      0.0366679047279360     -0.0616092535141596     -0.0986334442971056      0.0000000000000000
     0.8445495573520010     -0.7198500791286826      1.8966206994899901      1.0409639935162709     12.6974340739884806      0.0210151205720982     -0.0457781538518481     -0.1340902254214081      0.0000000000000000
     1.1740830394007757     -0.8517515946027958      1.5407490042143990      1.0409065735758203     12.5650363539350707      0.0409538532273014     -0.0184249016006067      0.0706902507427294      0.0000000000000000
     1.5475675809592306     -0.9210963876939469      1.2438314953847673      1.0375426463575699     12.5506068982331218      0.0455493345732251     -0.0029033500752580     -0.2388415993971518      0.0000000000000000
     1.9079402669973844     -0.9148306350352001      0.9874774451752448      1.0232951136415360     12.7641431470783697      0.0231272460865748      0.0252700091897478     -0.2669258768588351      0.0000000000000000
     2.2765090797436485     -0.8734301762541388      0.7878915764034643      1.0152645245179637     12.9663337152150646      0.0156738279355917      0.0586996892251956     -0.0475520166014570      0.0000000000000000
     2.6547810718404996     -0.8284027404596032      0.6473039613419033      1.0159720487773658     13.1401255462812614      0.0056361002825747      0.0648205229380101      0.0063879576577974      0.0000000000000000
     2.9905289667967891     -0.7661779831791992      0.5397960591426031      1.0135319674880323     13.4018355035995267     -0.0194067356384715      0.0862485592114974     -0.0364101906318218      0.0000000000000000
     3.3141993391189173     -0.7058257901267965      0.4624571391009629      1.0170964058392498     13.5853654396170000     -0.0316926541436321      0.0850177113677490      0.1119972040300466      0.0000000000000000
     3.5767279872216720     -0.6285800527838201      0.3989823341065774      1.0158436878025638     13.8383497662781920     -0.0515456226550277      0.0745425919497067     -0.1179352102918028      0.0000000000000000
     3.8696576151130033     -0.5430270195082020      0.3449493929123202      1.0197831638126833     13.9696863920230179     -0.0638871700059964      0.0711556151275304      0.3107802692876091      0.0000000000000000
     4.1881450454350180     -0.4479462183797778      0.3005553639315710      1.0286465105993332     14.0357497016479993     -0.0673016188203959      0.0490299056937413     -0.1058465340988489      0.0000000000000000
     4.3342821408434338     -0.3153874118009110      0.2643440861392012      1.0228746903058268     14.2264181654879849     -0.0894724041919105      0.0271119817395070      0.1124039189631319      0.0000000000000000
     4.5292080014051486     -0.1657366762002492      0.2418089451017316      1.0333123260312900     14.1440873865288861     -0.0787526217841461      0.0151764738401240      0.0426159029130274      0.0000000000000000
     4.5297911026469899      0.0000000000000000      0.2333752227500416      1.0281736271619681     14.2418438006194332     -0.0905294451949117     -0.0000000000000000      0.0000000000000000      0.0000000000000000
     4.5292080014051486      0.1657366762002492      0.2418089451017316      1.0333123260312900     14.1440873865288861     -0.0787526217841461     -0.0151764738401240     -0.0426159029130274      0.0000000000000000
     4.3342821408434338      0.3153874118009110      0.2643440861392012      1.0228746903058268     14.2264181654879849     -0.0894724041919105     -0.0271119817395070     -0.1124039189631319      0.0000000000000000
     4.1881450454350180      0.4479462183797778      0.3005553639315710      1.0286465105993332     14.0357497016479993     -0.0673016188203959     -0.0490299056937413      0.1058465340988489      0.0000000000000000
     3.8696576151130033      0.5430270195082020      0.3449493929123202      1.0197831638126833     13.9696863920230179     -0.0638871700059964     -0.0711556151275304     -0.3107802692876091      0.0000000000000000
     3.5767279872216720      0.6285800527838201      0.3989823341065774      1.0158436878025638     13.8383497662781920     -0.0515456226550277     -0.0745425919497067      0.1179352102918028      0.0000000000000000
     3.3141993391189173      0.7058257901267965      0.4624571391009629      1.0170964058392498     13.5853654396170000     -0.0316926541436321     -0.0850177113677490     -0.1119972040300466      0.0000000000000000
     2.9905289667967891      0.7661779831791992      0.5397960591426031      1.0135319674880323     13.4018355035995267     -0.0194067356384715     -0.0862485592114974      0.0364101906318218      0.0000000000000000
     2.6547810718404996      0.8284027404596032      0.6473039613419033      1.0159720487773658     13.1401255462812614      0.0056361002825747     -0.0648205229380101     -0.0063879576577974      0.0000000000000000
     2.2765090797436485      0.8734301762541388      0.7878915764034643      1.0152645245179637     12.9663337152150646      0.0156738279355917     -0.0586996892251956      0.0475520166014570      0.0000000000000000
     1.9079402669973835      0.9148306350351997      0.9874774451752444      1.0232951136415356     12.7641431470783804      0.0231272460865747     -0.0252700091897478      0.2669258768588351      0.0000000000000000
     1.5475675809592306      0.9210963876939463      1.2438314953847671      1.0375426463575701     12.5506068982331094      0.0455493345732252      0.0029033500752579      0.2388415993971514      0.0000000000000000
     1.1740830394007757      0.8517515946027958      1.5407490042143990      1.0409065735758203     12.5650363539350707      0.0409538532273014      0.0184249016006067     -0.0706902507427294      0.0000000000000000
     0.8445495573520015      0.7198500791286827      1.8966206994899901      1.0409639935162716     12.6974340739884592      0.0210151205720982      0.0457781538518481      0.1340902254214081      0.0000000000000000
     0.5957565679933036      0.5246803409125859      2.3085773241463476      1.0488377583975728     12.7755363042324106      0.0366679047279360      0.0616092535141596      0.0986334442971059      0.0000000000000000
     0.4247457038656075      0.2425432867891163      2.7417969537719227      1.0515413596335459     12.9516417194849431      0.0054829536104601      0.0654896808201918      0.1085002448986869      0.0000000000000000
     0.3537241672302694     -0.0963785521161440      3.2314652404404476      1.0647809755063973     12.9748626631367738      0.0018536069545338      0.0674190962337528      0.3997524503102283      0.0000000000000000
     0.3785696979025516     -0.4756617151209505      3.7002577261383656      1.0837672177704858     12.9042465688727983      0.0313753984241561      0.0835167718369765      0.3224511982269890      0.0000000000000000
     0.4863669437655838     -0.8822513446865646      4.0743355538180532      1.0969296677475235     12.8854144508167909      0.0592326930628351      0.1046082526588003      0.2489380586881963      0.0000000000000000
     0.6567466060678291     -1.2737476838749671      4.3387295567150446      1.1077060751128609     12.8727196831148838      0.0721860672977786      0.1173346254669052      0.1111027432986052      0.0000000000000000
     0.8551196454123471     -1.5961947503602580      4.4051007323639606      1.1041061974226452     12.9883660295927044      0.0758300576882428      0.1253266657142047     -0.1449807933945704      0.0000000000000000
     1.0549429539734219     -1.8489837284060946      4.3930306924280602      1.1025678880030301     13.0293213268187245      0.0689252015091248      0.1172617326777265     -0.0185636006328620      0.0000000000000000
     1.1920562770316245     -1.9544304013532980      4.2026929779611191      1.0908933729202273     13.1235761755583162      0.0286419851039967      0.1013009456909650     -0.3732647652527052      0.0000000000000000
     1.2558263332961310     -1.9267825189280867      3.8842865032357974      1.0795825126331933     13.1624948053288158      0.0164496763345971      0.1003578628914860     -0.1688061149834564      0.0000000000000000
     1.2372744737019574     -1.7699186098984820      3.4402794012368765      1.0601688544227597     13.2521583142035801     -0.0128356935357988      0.0919846040015147     -0.5382226275711007      0.0000000000000000
     1.2000419240308535     -1.5900692752505452      3.0158194208907005      1.0444086557854146     13.2877691076484421     -0.0161230983289692      0.0827439101137791     -0.1340030974130524      0.0000000000000000
     1.1544153779667599     -1.4136342962013515      2.6445148075569458      1.0268917361182015     13.2998220625145507     -0.0326600236402993      0.0605697897227108     -0.6257178216810140      0.0000000000000000
     1.0961336557563122     -1.2344142345485851      2.3065493949461864      1.0022514245481040     13.3976685500101649     -0.0745885948803004      0.0398984585091831     -0.2121481538719227      0.0000000000000000
     1.0690263002644800     -1.0982237001648747      2.0589331943385738      0.9974760346152007     13.2242570231570546     -0.0510847961408410      0.0295933793193724     -0.1805798855660228      0.0000000000000000
     1.0263697434970092     -0.9617584214631237      1.8408039431617254      0.9820214914735542     13.2003694756731154     -0.0665526000866109      0.0264311398598271     -0.3045154143481280      0.0000000000000000
     1.0061630890115942     -0.8775330318892424      1.7122178189610862      0.9760666717647186     13.0870989269425717     -0.0632866892913211      0.0158218956010490     -0.0047917883619724      0.0000000000000000
     0.9926783469814956     -0.8222695150429503      1.6284069601392805      0.9697201524332959     12.9791139904881589     -0.0706347056787448     -0.0096513759524724     -0.2882654395630419      0.0000000000000000
     1.0002613461251357     -0.7879095977112842      1.5410420088311780      0.9595015476919773     13.0132439826507085     -0.0987336613312755     -0.0284200623315013      0.0355297726338468      0.0000000000000000
     1.0860304504202145     -0.8074613136978614      1.4750208819319468      0.9746403540101847     12.7773450435861093     -0.0666887386102436     -0.0519894685028218      0.4356552719666300      0.0000000000000000
     1.1918946846550920     -0.8107082968825530      1.3727382973815465      0.9893995843122922     12.5778505398575149     -0.0583164782610905     -0.0858024257080729      0.1797756479366913      0.0000000000000000
     1.3216396773585188     -0.7572615456558356      1.1983848784983104      1.0051805587260279     12.5378983917948048     -0.0338387038881960     -0.0837963345525097      0.5642151877076906      0.0000000000000000
     1.5413075072659794     -0.6638593570142232      0.9851118652130236      1.0380997386832764     12.3294425298107502      0.0501346018934599     -0.0613172028999433      0.5858175567552782      0.0000000000000000
     1.7369983285826773     -0.4976417311557764      0.7819697429084892      1.0538656668886002     12.3527650637001063      0.0647473846217565     -0.0810067366572394      0.1758132476529081      0.0000000000000000
     1.9333319353176206     -0.2290534682997768      0.6244739998077069      1.0746394908356998     12.4774102090994568      0.0928955546005491     -0.0507024427462432      0.7490314496413860      0.0000000000000000
     2.2121470519692354      0.1450792615536597      0.5707469525649134      1.1142388417228790     12.2808622087325627      0.1477046724035625      0.0040768812153572      0.6682137481431416      0.0000000000000000
     2.4181888921098214      0.5581350380156472      0.6651650267818130      1.1388502792391033     12.1792117616911835      0.1564264486049391     -0.0057324473889391      0.4446539295272962      0.0000000000000000
     2.5033658110176162      0.9750136909746976      0.9166569534067242      1.1593429087210820     12.1205286420043201      0.1737352634874902      0.0146053517532568      0.3391300304510365      0.0000000000000000
     2.4615721289959311      1.3500721818895685      1.2999242387723127      1.1735256195141701     12.0898707630360427      0.1674695960038306      0.0361051700144481      0.2543585091717924      0.0000000000000000
     2.3061825220359955      1.6213498519470178      1.7428988395183262      1.1792656608946801     12.0938187792047973      0.1689597092535318      0.0572396438065478     -0.0249799382052642      0.0000000000000000
     2.0518274892181254      1.7452906381585052      2.1601923386443880      1.1774135258205687     12.1135092118023184      0.1425506241284739      0.0579159734784582     -0.0700112984993392      0.0000000000000000
     1.7448236234477592      1.6991588290030541      2.4351415286294613      1.1669411893546051     12.1537609438055973      0.1114648675873898      0.0750280262604362     -0.3136586053804692      0.0000000000000000
     1.4130808462520923      1.4830814356355857      2.4936965673848523      1.1507668360746302     12.1972470029811397      0.0944062403158272      0.0846613897161342     -0.3852210511744413      0.0000000000000000
     1.1178853248174669      1.1806189802057556      2.3862454291299620      1.1285776757561110     12.2669853085293656      0.0792655250571126      0.0994299765956919     -0.4346918548776378      0.0000000000000000
     0.9107410086797620      0.8790649569983231      2.1973426261119404      1.1083568202964973     12.3136550072874762      0.0854998319517924      0.0888004693542964     -0.4919982771057368      0.0000000000000000
     0.7721797951653845      0.6078628149471552      1.9867845247323024      1.0791930622229120     12.4243340658734720      0.0531778407760963      0.0956097725392085     -0.5768502480735055      0.0000000000000000
     0.7049781188970892      0.3935577550383980      1.8088094517913309      1.0584343995809395     12.4316432428088710      0.0458518058617598      0.0970456799506100     -0.3503636072304689      0.0000000000000000
     0.6785863448543843      0.2017112824070725      1.6416424289216482      1.0360061264053939     12.4528837439010882      0.0219825855151539      0.0642250933377753     -0.5359489846426709      0.0000000000000000
     0.6875305048011744      0.0705275972950785      1.5069991486980376      1.0154475582023352     12.3943494837797701     -0.0093833914426717      0.0620206072964740     -0.2514819260032496      0.0000000000000000
     0.7367168931374982     -0.0144228578754311      1.3726956793980258      1.0055247770791558     12.2735553082404500      0.0136890657849347      0.0616807562515519     -0.2662024718788386      0.0000000000000000
     0.7852501668049696     -0.0808818696721205      1.2453485415749734      0.9855801708437603     12.3237293517516520      0.0002859231775078      0.0441263630684668     -0.4699166157657085      0.0000000000000000
     0.8120494547096291     -0.1294947845367673      1.1794680473192725      0.9700605576204108     12.3379091240419942     -0.0350686838283261      0.0296336764681855     -0.1139950051627044      0.0000000000000000
     0.8356108281445854     -0.1667539217280361      1.1568604958554585      0.9689573192756509     12.2493657014865178     -0.0380269790795477      0.0271794019962684     -0.0216581297783407      0.0000000000000000
     0.8525698289961481     -0.2140989912313760      1.1519486605259417      0.9676147448600869     12.2665763934120822     -0.0464007045893696      0.0094217294829282      0.0448814034926420      0.0000000000000000
     0.8671580322564150     -0.2910238488769972      1.1988067084494556      0.9771693741310348     12.2223420140358954     -0.0367249436112841     -0.0197765769451277      0.2886200383970514      0.0000000000000000
     0.8740818223265566     -0.3818955269150642      1.2808642777793071      0.9867806182716555     12.2008167659900391     -0.0440293087502856     -0.0484763409841580      0.0640075415920969      0.0000000000000000
     0.8967594043749805     -0.4905365856872322      1.3628475589626043      0.9907170248519573     12.3816053859782560     -0.0541507782275264     -0.0453360069712575      0.2337560831881431      0.0000000000000000
     0.9959079374870378     -0.6921560175457513      1.5190255750991759      1.0167249750361635     12.4140148911169348     -0.0096496741475884     -0.0433471877889295      0.7690737015628778      0.0000000000000000
     1.1714470523303122     -0.9959794672753070      1.7878022484290923      1.0499240805114245     12.2546635188084831     -0.0049511445241158     -0.0940054315357967      0.4303054563078290      0.0000000000000000
     1.3945283778742645     -1.2888505188003436      2.0033951250692548      1.0642629816883242     12.3645957421140178     -0.0316303657021516     -0.1077828164239149      0.3676506070933090      0.0000000000000000
