#Run  | omn       1  | kymin     1  /Eigenvalue1            
0001  | 3.000000e-01 | 6.000000e-01 |  0.01 -0.01
0002  | 6.000000e-01 | 6.000000e-01 |  0.03 -0.01
0003  | 8.000000e-01 | 6.000000e-01 |  0.05 -0.02
0004  | 1.000000e+00 | 6.000000e-01 |  0.06 -0.02
0005  | 1.200000e+00 | 6.000000e-01 |  0.07 -0.02
0006  | 1.500000e+00 | 6.000000e-01 |  0.08 -0.02
0007  | 2.000000e+00 | 6.000000e-01 |  0.10  0.02
0008  | 3.000000e+00 | 6.000000e-01 |  0.14  0.03
0009  | 4.000000e+00 | 6.000000e-01 |  0.17  0.04
0010  | 5.000000e+00 | 6.000000e-01 |  0.25 -0.53
0011  | 6.000000e+00 | 6.000000e-01 |  0.34 -0.57
0012  | 3.000000e-01 | 8.000000e-01 |  0.02 -0.01
0013  | 6.000000e-01 | 8.000000e-01 |  0.04 -0.01
0014  | 8.000000e-01 | 8.000000e-01 |  0.06 -0.01
0015  | 1.000000e+00 | 8.000000e-01 |  0.08 -0.00
0016  | 1.200000e+00 | 8.000000e-01 |  0.09 -0.00
0017  | 1.500000e+00 | 8.000000e-01 |  0.11 -0.00
0018  | 2.000000e+00 | 8.000000e-01 |  0.14 -0.00
0019  | 3.000000e+00 | 8.000000e-01 |  0.19 -0.01
0020  | 4.000000e+00 | 8.000000e-01 |  0.23 -0.02
0021  | 5.000000e+00 | 8.000000e-01 |  0.26 -0.03
0022  | 6.000000e+00 | 8.000000e-01 |  0.41 -2.99
0023  | 3.000000e-01 | 1.000000e+00 |  0.02 -0.00
0024  | 6.000000e-01 | 1.000000e+00 |  0.05  0.00
0025  | 8.000000e-01 | 1.000000e+00 |  0.07  0.01
0026  | 1.000000e+00 | 1.000000e+00 |  0.09  0.02
0027  | 1.200000e+00 | 1.000000e+00 |  0.11  0.03
0028  | 1.500000e+00 | 1.000000e+00 |  0.13  0.04
0029  | 2.000000e+00 | 1.000000e+00 |  0.16  0.05
0030  | 3.000000e+00 | 1.000000e+00 |  0.21  0.08
0031  | 4.000000e+00 | 1.000000e+00 |  0.25  0.11
0032  | 5.000000e+00 | 1.000000e+00 |  0.38 -2.65
0033  | 6.000000e+00 | 1.000000e+00 |  0.61 -3.01
0034  | 3.000000e-01 | 1.200000e+00 |  0.02  0.00
0035  | 6.000000e-01 | 1.200000e+00 |  0.06  0.02
0036  | 8.000000e-01 | 1.200000e+00 |  0.08  0.04
0037  | 1.000000e+00 | 1.200000e+00 |  0.10  0.05
0038  | 1.200000e+00 | 1.200000e+00 |  0.11  0.06
0039  | 1.500000e+00 | 1.200000e+00 |  0.13  0.08
0040  | 2.000000e+00 | 1.200000e+00 |  0.15  0.11
0041  | 3.000000e+00 | 1.200000e+00 |  0.23  0.15
0042  | 4.000000e+00 | 1.200000e+00 |  0.29  0.19
0043  | 5.000000e+00 | 1.200000e+00 |  0.49 -2.59
0044  | 6.000000e+00 | 1.200000e+00 |  0.75 -2.89
