&parameters
!BOOZER coordinates
!major, minor radius[m]=    5.5055965   0.5200853
!---------   FLUX-TUBE   ------------
!Bref, B_00, B_01, B_10, B_11 =    2.3182873   2.4793785   0.2585634  -0.0725838  -0.1473175
s0 =  0.500
!alpha0 =  0.000
!beta =    0.0222130
my_dpdx =    0.0628261
q0 =    1.0994214
shat =   -0.1140649
gridpoints =   128 !Parallel resolution
n_pol =   1 !Poloidal turns
/
    1.4273176025E+00    1.4003418767E+00    2.2213181878E+00    1.0995550464E+00    1.0749477071E+01    6.4672192027E-02    9.1374452722E-02   -9.8109787540E-01
    1.1062701826E+00    1.0596460997E+00    2.0205311524E+00    1.0545184730E+00    1.1687347076E+01    5.8521204036E-03    1.0223716825E-01   -7.2831344029E-01
    9.2483840509E-01    7.8384640269E-01    1.7969168045E+00    1.0234463146E+00    1.2414742125E+01    2.7237972874E-02    9.1741341578E-02   -7.1680841837E-01
    7.9747783196E-01    5.1199016874E-01    1.5290333378E+00    9.7879596316E-01    1.3586391493E+01    1.2440844175E-02    4.0987954691E-02   -9.4168238287E-01
    7.3898751764E-01    3.4714284295E-01    1.3793475951E+00    9.4773859633E-01    1.4466311649E+01   -2.6432515707E-02    4.4959642165E-02   -3.6005798351E-01
    7.3133342357E-01    2.5106915807E-01    1.2725473338E+00    9.3152167002E-01    1.4986781798E+01   -1.4313993674E-02    3.1065258322E-02   -4.1082284846E-01
    7.2356173760E-01    1.7005433385E-01    1.2010401635E+00    9.1650962818E-01    1.5477272050E+01   -2.6453809235E-02   -1.0573085873E-02   -1.8790376384E-03
    7.1403631397E-01    1.2375110142E-01    1.2189682841E+00    9.2497262497E-01    1.5205330700E+01   -1.4334674175E-02   -2.5996239122E-02    2.0585611764E-01
    7.0209521753E-01    7.9884403382E-02    1.2759816208E+00    9.4282478002E-01    1.4618383054E+01    1.0674945377E-02   -3.6059089028E-02    6.0138472315E-01
    6.7701067862E-01    4.2132252907E-03    1.4070188419E+00    9.7617477831E-01    1.3649758345E+01    4.7738361622E-02   -5.4985053128E-02    6.1171457871E-01
    6.4627163029E-01   -9.9091993808E-02    1.5677454089E+00    1.0015388889E+00    1.2958038823E+01    2.4586452089E-02   -6.9095002415E-02    5.5577329082E-01
    6.6801260838E-01   -2.5350358214E-01    1.7162716047E+00    1.0401109362E+00    1.2016957130E+01    6.3685483723E-02   -6.6258027816E-02    9.4375482153E-01
    7.3779737732E-01   -4.7226902253E-01    1.8821973297E+00    1.0799894068E+00    1.1152915982E+01    9.1552050764E-02   -9.4000745128E-02    6.5677341284E-01
    8.5168266093E-01   -7.0791615930E-01    2.0451791922E+00    1.1139754899E+00    1.0480557458E+01    9.8553736394E-02   -9.1089185762E-02    7.9117342316E-01
    1.0334890167E+00   -9.8042770248E-01    2.2115604306E+00    1.1517432481E+00    9.8153984025E+00    1.2996128226E-01   -7.8635925201E-02    6.7150752614E-01
    1.2732193665E+00   -1.2689346237E+00    2.3574741816E+00    1.1800196937E+00    9.3441681977E+00    1.3516827134E-01   -9.4205838793E-02    5.3655906054E-01
    1.5686681770E+00   -1.5393355825E+00    2.4360572477E+00    1.2061652253E+00    8.9527877094E+00    1.3835638879E-01   -8.8509935275E-02    5.0873287989E-01
    1.8869926955E+00   -1.7476063243E+00    2.4163455768E+00    1.2274310720E+00    8.6328529656E+00    1.5949363228E-01   -8.1198929386E-02    3.5957953074E-01
    2.1741378504E+00   -1.8413778071E+00    2.2672252985E+00    1.2406168007E+00    8.4468661952E+00    1.7793163222E-01   -7.0332720698E-02    1.5768350836E-01
    2.3925798858E+00   -1.7885204658E+00    1.9817164682E+00    1.2417928078E+00    8.4256270683E+00    2.0009864639E-01   -4.7338304209E-02   -1.0431986866E-01
    2.5494505856E+00   -1.6178041649E+00    1.6233563913E+00    1.2330550340E+00    8.5452466469E+00    2.2034445672E-01   -3.2898536220E-02   -2.3814362590E-01
    2.6408334214E+00   -1.3608323568E+00    1.2619755492E+00    1.2177452891E+00    8.7786327655E+00    2.1780924590E-01   -2.0748882074E-02   -4.0491046005E-01
    2.6499925101E+00   -1.0343062652E+00    9.4167322221E-01    1.1941802516E+00    9.1211915926E+00    2.1454729801E-01   -1.3915536864E-02   -5.4083593327E-01
    2.5962293053E+00   -6.7238026474E-01    6.9672098727E-01    1.1656235097E+00    9.5821254773E+00    2.0896631488E-01   -6.6878679214E-04   -6.2800291957E-01
    2.4561592059E+00   -3.0446638874E-01    5.6065181901E-01    1.1324918218E+00    1.0124639747E+01    1.9518506714E-01    4.5379635020E-03   -7.1723676459E-01
    2.2261631179E+00    4.5692110884E-02    5.3878500739E-01    1.0945097388E+00    1.0858468313E+01    1.7911514957E-01    8.6467521112E-03   -8.7806586479E-01
    1.9382052352E+00    3.5667553257E-01    6.3138648198E-01    1.0471050987E+00    1.1857795040E+01    1.2422951031E-01    5.5411301339E-02   -9.1330281696E-01
    1.7079062518E+00    5.8591713853E-01    8.0579967889E-01    1.0163884423E+00    1.2588492465E+01    9.1112751065E-02    8.1223206509E-02   -3.9547912355E-01
    1.4650670405E+00    7.1110877832E-01    1.0115424967E+00    9.8804210073E-01    1.3317314124E+01    6.3975147420E-02    7.3272037565E-02   -8.5641966651E-01
    1.2204182541E+00    7.6187693089E-01    1.2144209044E+00    9.4964120925E-01    1.4415716679E+01   -3.5425734209E-02    9.9250306002E-02   -4.7314124169E-01
    1.0933724324E+00    7.7816546127E-01    1.3612761618E+00    9.3960150495E-01    1.4726373871E+01   -3.3878144410E-02    7.7924240387E-02   -1.7699859423E-01
    9.8100409721E-01    7.3562672459E-01    1.4240784931E+00    9.2535027366E-01    1.5194420539E+01   -6.3873385516E-02    3.1273097098E-02   -1.4936102871E-01
    9.5903307544E-01    7.5326301803E-01    1.5108839203E+00    9.3891474346E-01    1.4748772226E+01   -4.1051475031E-02    1.7262888316E-03    4.8278261873E-01
    9.7213971398E-01    8.0772588200E-01    1.6081892804E+00    9.5457493184E-01    1.4272479625E+01   -3.2129405052E-02   -2.7665104729E-02    2.5199881559E-01
    1.0000131514E+00    9.1200359843E-01    1.7922701430E+00    9.8000156285E-01    1.3538354371E+01   -1.8742999084E-02   -4.4266000819E-02    7.5565311630E-01
    1.0388452263E+00    1.0644234570E+00    2.0737702164E+00    1.0103435597E+00    1.2728496788E+01   -7.2455889654E-03   -5.1836464160E-02    3.6725415352E-01
    1.0592812324E+00    1.2063249886E+00    2.3776062993E+00    1.0310201815E+00    1.2229809397E+01   -2.0478488986E-02   -6.9842165208E-02    7.1157896875E-01
    1.1104268921E+00    1.3908023666E+00    2.7773395215E+00    1.0721787584E+00    1.1306547218E+01    3.3118063180E-02   -8.3156881055E-02    6.6828694500E-01
    1.1176925849E+00    1.5182099444E+00    3.1235774939E+00    1.0894790693E+00    1.0958843095E+01    2.9415249390E-02   -1.0741337600E-01    2.7895186161E-01
    1.1302380466E+00    1.6626711004E+00    3.5481640923E+00    1.1168501057E+00    1.0430874632E+01    3.9486478348E-02   -1.0736101987E-01    7.3857645884E-01
    1.1174897266E+00    1.7569506632E+00    3.9280862197E+00    1.1421426890E+00    9.9774746365E+00    7.2865306346E-02   -1.1609690089E-01    2.5001823438E-01
    1.0391196952E+00    1.7258076720E+00    4.1463617908E+00    1.1539973759E+00    9.7701110056E+00    8.8352907362E-02   -1.3225749050E-01    3.2921552237E-01
    9.2714090953E-01    1.6145144279E+00    4.2815666564E+00    1.1672127843E+00    9.5408857257E+00    1.2469125369E-01   -1.3035699861E-01    5.0491403815E-02
    7.7390793714E-01    1.3771338683E+00    4.1875353828E+00    1.1593895086E+00    9.6711817680E+00    1.5210848331E-01   -1.4709321115E-01   -2.3509280153E-01
    6.2215564812E-01    1.0908497357E+00    4.0464571116E+00    1.1516663917E+00    9.7963525714E+00    1.3773106855E-01   -1.3014714200E-01   -1.4496740334E-01
    4.9306709870E-01    7.6697724042E-01    3.8095063403E+00    1.1363830657E+00    1.0077148379E+01    1.2478078048E-01   -1.1249263192E-01   -4.8238221367E-01
    4.0723769057E-01    4.2377460355E-01    3.4682898986E+00    1.1103191952E+00    1.0547570260E+01    9.9491246348E-02   -1.0285030224E-01   -5.3492495625E-01
    3.8222007186E-01    8.7441321234E-02    3.0821462314E+00    1.0820272319E+00    1.1108601965E+01    6.4626675913E-02   -9.0236268175E-02   -6.5266812250E-01
    4.3170816528E-01   -2.1772089498E-01    2.6500911956E+00    1.0469653216E+00    1.1856436699E+01    2.5831960462E-02   -7.9175703505E-02   -7.3497324041E-01
    5.7468683958E-01   -4.8556194918E-01    2.2101528943E+00    1.0172795483E+00    1.2569957920E+01    6.6493429411E-03   -7.5832854452E-02   -3.7716012799E-01
    8.3226363616E-01   -7.1691690023E-01    1.8359900743E+00    1.0066620418E+00    1.2820578190E+01    3.7507685911E-02   -7.4821912462E-02   -2.4096409645E-01
    1.1595504203E+00   -8.4535201550E-01    1.4614653559E+00    9.9015821319E-01    1.3271211497E+01    2.0612418651E-02   -6.9386626483E-02   -2.3031152917E-01
    1.6136481473E+00   -9.3478518757E-01    1.1543185776E+00    9.9383826601E-01    1.3145329661E+01    6.1861073692E-02   -3.0186911265E-02    1.6755241207E-01
    2.1010334256E+00   -9.6092370311E-01    9.0479043412E-01    9.8983472263E-01    1.3300733641E+01    6.0303256563E-02   -2.0835265377E-02   -2.3434465006E-01
    2.5737777625E+00   -9.1529614210E-01    7.0065038712E-01    9.8213423827E-01    1.3467441733E+01    4.7594859158E-02    1.8324306939E-02   -5.0034837481E-02
    3.0485524033E+00   -8.4990976978E-01    5.5544944304E-01    9.8524899629E-01    1.3391127009E+01    4.2676404740E-02    5.6607533695E-02    1.7244815499E-01
    3.4767308899E+00   -7.7777723052E-01    4.5702534281E-01    9.9210197619E-01    1.3216688846E+01    2.6007330759E-02    7.9017858965E-02    7.8845000003E-02
    3.8513829363E+00   -7.0553893802E-01    3.9030561843E-01    1.0024425395E+00    1.2929431537E+01    4.0318299861E-03    9.7093084666E-02    4.1155543769E-01
    4.2133787610E+00   -6.4215173989E-01    3.4495092590E-01    1.0203763448E+00    1.2492724432E+01   -4.5837062062E-03    9.1299099030E-02    1.4393993198E-01
    4.4467579480E+00   -5.5498527843E-01    3.0504004349E-01    1.0239365742E+00    1.2401018488E+01   -3.6992610083E-02    8.4602942432E-02    2.7144652263E-01
    4.8893209650E+00   -4.8465885220E-01    2.7379256050E-01    1.0502770404E+00    1.1782131267E+01   -2.7061866538E-02    7.3954537557E-02    5.0102713935E-01
    5.1221252013E+00   -3.8662671668E-01    2.4664384458E-01    1.0556074923E+00    1.1673413015E+01   -4.7306644592E-02    4.1138831476E-02   -1.1486776327E-01
    5.3462861763E+00   -2.7010496912E-01    2.2651495042E-01    1.0658489279E+00    1.1431258759E+01   -5.6862895280E-02    2.5708459136E-02    5.4407230754E-01
    5.5894693800E+00   -1.4038948109E-01    2.1410061248E-01    1.0851050815E+00    1.1050859502E+01   -4.3814116816E-02    1.8281102036E-02    4.6815205888E-02
    5.5868357361E+00    0.0000000000E+00    2.0961500636E-01    1.0808964420E+00    1.1112816046E+01   -6.0577680430E-02    0.0000000000E+00    0.0000000000E+00
    5.5894693800E+00    1.4038948109E-01    2.1410061248E-01    1.0851050815E+00    1.1050859502E+01   -4.3814116816E-02   -1.8281102036E-02   -4.6815205888E-02
    5.3462861763E+00    2.7010496912E-01    2.2651495042E-01    1.0658489279E+00    1.1431258759E+01   -5.6862895280E-02   -2.5708459136E-02   -5.4407230754E-01
    5.1221252013E+00    3.8662671668E-01    2.4664384458E-01    1.0556074923E+00    1.1673413015E+01   -4.7306644592E-02   -4.1138831476E-02    1.1486776327E-01
    4.8893209650E+00    4.8465885220E-01    2.7379256050E-01    1.0502770404E+00    1.1782131267E+01   -2.7061866538E-02   -7.3954537557E-02   -5.0102713935E-01
    4.4467579480E+00    5.5498527843E-01    3.0504004349E-01    1.0239365742E+00    1.2401018488E+01   -3.6992610083E-02   -8.4602942432E-02   -2.7144652263E-01
    4.2133787610E+00    6.4215173989E-01    3.4495092590E-01    1.0203763448E+00    1.2492724432E+01   -4.5837062062E-03   -9.1299099030E-02   -1.4393993198E-01
    3.8513829363E+00    7.0553893802E-01    3.9030561843E-01    1.0024425395E+00    1.2929431537E+01    4.0318299861E-03   -9.7093084666E-02   -4.1155543769E-01
    3.4767308899E+00    7.7777723052E-01    4.5702534281E-01    9.9210197619E-01    1.3216688846E+01    2.6007330759E-02   -7.9017858965E-02   -7.8845000003E-02
    3.0485524033E+00    8.4990976978E-01    5.5544944304E-01    9.8524899629E-01    1.3391127009E+01    4.2676404740E-02   -5.6607533695E-02   -1.7244815499E-01
    2.5737777625E+00    9.1529614210E-01    7.0065038712E-01    9.8213423827E-01    1.3467441733E+01    4.7594859158E-02   -1.8324306939E-02    5.0034837481E-02
    2.1010334256E+00    9.6092370311E-01    9.0479043412E-01    9.8983472263E-01    1.3300733641E+01    6.0303256563E-02    2.0835265377E-02    2.3434465006E-01
    1.6136481473E+00    9.3478518757E-01    1.1543185776E+00    9.9383826601E-01    1.3145329661E+01    6.1861073692E-02    3.0186911265E-02   -1.6755241207E-01
    1.1595504203E+00    8.4535201550E-01    1.4614653559E+00    9.9015821319E-01    1.3271211497E+01    2.0612418651E-02    6.9386626483E-02    2.3031152917E-01
    8.3226363616E-01    7.1691690023E-01    1.8359900743E+00    1.0066620418E+00    1.2820578190E+01    3.7507685911E-02    7.4821912462E-02    2.4096409645E-01
    5.7468683958E-01    4.8556194918E-01    2.2101528943E+00    1.0172795483E+00    1.2569957920E+01    6.6493429411E-03    7.5832854452E-02    3.7716012799E-01
    4.3170816528E-01    2.1772089498E-01    2.6500911956E+00    1.0469653216E+00    1.1856436699E+01    2.5831960462E-02    7.9175703505E-02    7.3497324041E-01
    3.8222007186E-01   -8.7441321234E-02    3.0821462314E+00    1.0820272319E+00    1.1108601965E+01    6.4626675913E-02    9.0236268175E-02    6.5266812250E-01
    4.0723769057E-01   -4.2377460355E-01    3.4682898986E+00    1.1103191952E+00    1.0547570260E+01    9.9491246348E-02    1.0285030224E-01    5.3492495625E-01
    4.9306709870E-01   -7.6697724042E-01    3.8095063403E+00    1.1363830657E+00    1.0077148379E+01    1.2478078048E-01    1.1249263192E-01    4.8238221367E-01
    6.2215564812E-01   -1.0908497357E+00    4.0464571116E+00    1.1516663917E+00    9.7963525714E+00    1.3773106855E-01    1.3014714200E-01    1.4496740334E-01
    7.7390793714E-01   -1.3771338683E+00    4.1875353828E+00    1.1593895086E+00    9.6711817680E+00    1.5210848331E-01    1.4709321115E-01    2.3509280153E-01
    9.2714090953E-01   -1.6145144279E+00    4.2815666564E+00    1.1672127843E+00    9.5408857257E+00    1.2469125369E-01    1.3035699861E-01   -5.0491403815E-02
    1.0391196952E+00   -1.7258076720E+00    4.1463617908E+00    1.1539973759E+00    9.7701110056E+00    8.8352907362E-02    1.3225749050E-01   -3.2921552237E-01
    1.1174897266E+00   -1.7569506632E+00    3.9280862197E+00    1.1421426890E+00    9.9774746365E+00    7.2865306346E-02    1.1609690089E-01   -2.5001823438E-01
    1.1302380466E+00   -1.6626711004E+00    3.5481640923E+00    1.1168501057E+00    1.0430874632E+01    3.9486478348E-02    1.0736101987E-01   -7.3857645884E-01
    1.1176925849E+00   -1.5182099444E+00    3.1235774939E+00    1.0894790693E+00    1.0958843095E+01    2.9415249390E-02    1.0741337600E-01   -2.7895186161E-01
    1.1104268921E+00   -1.3908023666E+00    2.7773395215E+00    1.0721787584E+00    1.1306547218E+01    3.3118063180E-02    8.3156881055E-02   -6.6828694500E-01
    1.0592812324E+00   -1.2063249886E+00    2.3776062993E+00    1.0310201815E+00    1.2229809397E+01   -2.0478488986E-02    6.9842165208E-02   -7.1157896875E-01
    1.0388452263E+00   -1.0644234570E+00    2.0737702164E+00    1.0103435597E+00    1.2728496788E+01   -7.2455889654E-03    5.1836464160E-02   -3.6725415352E-01
    1.0000131514E+00   -9.1200359843E-01    1.7922701430E+00    9.8000156285E-01    1.3538354371E+01   -1.8742999084E-02    4.4266000819E-02   -7.5565311630E-01
    9.7213971398E-01   -8.0772588200E-01    1.6081892804E+00    9.5457493184E-01    1.4272479625E+01   -3.2129405052E-02    2.7665104729E-02   -2.5199881559E-01
    9.5903307544E-01   -7.5326301803E-01    1.5108839203E+00    9.3891474346E-01    1.4748772226E+01   -4.1051475031E-02   -1.7262888316E-03   -4.8278261873E-01
    9.8100409721E-01   -7.3562672459E-01    1.4240784931E+00    9.2535027366E-01    1.5194420539E+01   -6.3873385516E-02   -3.1273097098E-02    1.4936102871E-01
    1.0933724324E+00   -7.7816546127E-01    1.3612761618E+00    9.3960150495E-01    1.4726373871E+01   -3.3878144410E-02   -7.7924240387E-02    1.7699859423E-01
    1.2204182541E+00   -7.6187693089E-01    1.2144209044E+00    9.4964120925E-01    1.4415716679E+01   -3.5425734209E-02   -9.9250306002E-02    4.7314124169E-01
    1.4650670405E+00   -7.1110877832E-01    1.0115424967E+00    9.8804210073E-01    1.3317314124E+01    6.3975147420E-02   -7.3272037565E-02    8.5641966651E-01
    1.7079062518E+00   -5.8591713853E-01    8.0579967889E-01    1.0163884423E+00    1.2588492465E+01    9.1112751065E-02   -8.1223206509E-02    3.9547912355E-01
    1.9382052352E+00   -3.5667553257E-01    6.3138648198E-01    1.0471050987E+00    1.1857795040E+01    1.2422951031E-01   -5.5411301339E-02    9.1330281696E-01
    2.2261631179E+00   -4.5692110884E-02    5.3878500739E-01    1.0945097388E+00    1.0858468313E+01    1.7911514957E-01   -8.6467521112E-03    8.7806586479E-01
    2.4561592059E+00    3.0446638874E-01    5.6065181901E-01    1.1324918218E+00    1.0124639747E+01    1.9518506714E-01   -4.5379635020E-03    7.1723676459E-01
    2.5962293053E+00    6.7238026474E-01    6.9672098727E-01    1.1656235097E+00    9.5821254773E+00    2.0896631488E-01    6.6878679214E-04    6.2800291957E-01
    2.6499925101E+00    1.0343062652E+00    9.4167322221E-01    1.1941802516E+00    9.1211915926E+00    2.1454729801E-01    1.3915536864E-02    5.4083593327E-01
    2.6408334214E+00    1.3608323568E+00    1.2619755492E+00    1.2177452891E+00    8.7786327655E+00    2.1780924590E-01    2.0748882074E-02    4.0491046005E-01
    2.5494505856E+00    1.6178041649E+00    1.6233563913E+00    1.2330550340E+00    8.5452466469E+00    2.2034445672E-01    3.2898536220E-02    2.3814362590E-01
    2.3925798858E+00    1.7885204658E+00    1.9817164682E+00    1.2417928078E+00    8.4256270683E+00    2.0009864639E-01    4.7338304209E-02    1.0431986866E-01
    2.1741378504E+00    1.8413778071E+00    2.2672252985E+00    1.2406168007E+00    8.4468661952E+00    1.7793163222E-01    7.0332720698E-02   -1.5768350836E-01
    1.8869926955E+00    1.7476063243E+00    2.4163455768E+00    1.2274310720E+00    8.6328529656E+00    1.5949363228E-01    8.1198929386E-02   -3.5957953074E-01
    1.5686681770E+00    1.5393355825E+00    2.4360572477E+00    1.2061652253E+00    8.9527877094E+00    1.3835638879E-01    8.8509935275E-02   -5.0873287989E-01
    1.2732193665E+00    1.2689346237E+00    2.3574741816E+00    1.1800196937E+00    9.3441681977E+00    1.3516827134E-01    9.4205838793E-02   -5.3655906054E-01
    1.0334890167E+00    9.8042770248E-01    2.2115604306E+00    1.1517432481E+00    9.8153984025E+00    1.2996128226E-01    7.8635925201E-02   -6.7150752614E-01
    8.5168266093E-01    7.0791615930E-01    2.0451791922E+00    1.1139754899E+00    1.0480557458E+01    9.8553736394E-02    9.1089185762E-02   -7.9117342316E-01
    7.3779737732E-01    4.7226902253E-01    1.8821973297E+00    1.0799894068E+00    1.1152915982E+01    9.1552050764E-02    9.4000745128E-02   -6.5677341284E-01
    6.6801260838E-01    2.5350358214E-01    1.7162716047E+00    1.0401109362E+00    1.2016957130E+01    6.3685483723E-02    6.6258027816E-02   -9.4375482153E-01
    6.4627163029E-01    9.9091993808E-02    1.5677454089E+00    1.0015388889E+00    1.2958038823E+01    2.4586452089E-02    6.9095002415E-02   -5.5577329082E-01
    6.7701067862E-01   -4.2132252907E-03    1.4070188419E+00    9.7617477831E-01    1.3649758345E+01    4.7738361622E-02    5.4985053128E-02   -6.1171457871E-01
    7.0209521753E-01   -7.9884403382E-02    1.2759816208E+00    9.4282478002E-01    1.4618383054E+01    1.0674945377E-02    3.6059089028E-02   -6.0138472315E-01
    7.1403631397E-01   -1.2375110142E-01    1.2189682841E+00    9.2497262497E-01    1.5205330700E+01   -1.4334674175E-02    2.5996239122E-02   -2.0585611764E-01
    7.2356173760E-01   -1.7005433385E-01    1.2010401635E+00    9.1650962818E-01    1.5477272050E+01   -2.6453809235E-02    1.0573085873E-02    1.8790376384E-03
    7.3133342357E-01   -2.5106915807E-01    1.2725473338E+00    9.3152167002E-01    1.4986781798E+01   -1.4313993674E-02   -3.1065258322E-02    4.1082284846E-01
    7.3898751764E-01   -3.4714284295E-01    1.3793475951E+00    9.4773859633E-01    1.4466311649E+01   -2.6432515707E-02   -4.4959642165E-02    3.6005798351E-01
    7.9747783196E-01   -5.1199016874E-01    1.5290333378E+00    9.7879596316E-01    1.3586391493E+01    1.2440844175E-02   -4.0987954691E-02    9.4168238287E-01
    9.2483840509E-01   -7.8384640269E-01    1.7969168045E+00    1.0234463146E+00    1.2414742125E+01    2.7237972874E-02   -9.1741341578E-02    7.1680841837E-01
    1.1062701826E+00   -1.0596460997E+00    2.0205311524E+00    1.0545184730E+00    1.1687347076E+01    5.8521204036E-03   -1.0223716825E-01    7.2831344029E-01
