1.0683735487759074
1.0511209393234504
1.0360529155063107
1.012748152851243
1.0028039367423458
0.9928297508422769
0.9800791880647951
0.9804881797563051
0.9856926774025756
0.9934737418770693
1.0060061676802503
1.0146764971506321
1.0247041967266446
1.0458777093625018
1.058810584714809
1.0787865482864525
1.0953524502657774
1.116949340513798
1.1401121776996832
1.155875358104622
1.156546873035175
1.1508160579505307
1.1412154069093563
1.1308194661750752
1.116886214225866
1.0963898601713427
1.0726701984530078
1.0615273320297491
1.0412399324097419
1.0186020055844385
1.0097219015226284
0.9956698412918639
0.9842427005725347
0.9852180994515558
0.9797094589450787
0.9875829035121279
0.9962069572308033
0.9977282046480225
1.016356046312407
1.0174389325298483
1.0427669321031041
1.0613657902284186
1.0778915628265449
1.0800452389305593
1.0759520779276883
1.0764760504414943
1.0691662977428233
1.0647722118231047
1.0517630308147996
1.0450288207418996
1.0479282932643679
1.0436467179100823
1.051638443255553
1.0507489391366807
1.0387678062587313
1.0313452931385607
1.0235957424451203
1.0137820937820243
1.0140871127583173
1.0006180405055243
0.9968300157688614
0.9992287714046657
0.9935671780180644
1.0188504333478334
1.0131445803976074
1.0188504333478334
0.9935671780180644
0.9992287714046657
0.9968300157688614
1.0006180405055243
1.0140871127583173
1.0137820937820246
1.0235957424451205
1.0313452931385607
1.0387678062587313
1.0507489391366807
1.051638443255553
1.0436467179100823
1.0479282932643679
1.0450288207418996
1.0517630308147996
1.0647722118231047
1.069166297742823
1.0764760504414943
1.0759520779276883
1.08004523893056
1.0778915628265449
1.0613657902284184
1.0427669321031041
1.0174389325298483
1.016356046312407
0.9977282046480225
0.9962069572308033
0.987582903512129
0.9797094589450787
0.9852180994515558
0.9842427005725347
0.9956698412918639
1.0097219015226284
1.0186020055844396
1.0412399324097419
1.0615273320297491
1.0726701984530078
1.0963898601713427
1.1168862142258666
1.1308194661750752
1.1412154069093563
1.1508160579505307
1.156546873035175
1.1558753581046217
1.140112177699682
1.1169493405137987
1.0953524502657774
1.0787865482864525
1.058810584714809
1.0458777093625018
1.0247041967266446
1.0146764971506321
1.0060061676802503
0.9934737418770693
0.9856926774025763
0.9804881797563049
0.9800791880647951
0.9928297508422771
1.0028039367423458
1.012748152851243
1.0360529155063107
1.0511209393234504
