0001  | 0.000000e+00 | 1.000000e-02 |     NaN     NaN
0002  | 5.000000e-03 | 1.000000e-02 |  0.1380  0.0270
0003  | 1.000000e-02 | 1.000000e-02 |  0.2840  0.0470
0004  | 1.500000e-02 | 1.000000e-02 |  0.3870  0.0560
0005  | 2.000000e-02 | 1.000000e-02 |  0.4810  0.0630
0006  | 2.500000e-02 | 1.000000e-02 |  0.5760  0.0690
0007  | 3.000000e-02 | 1.000000e-02 |  0.6740  0.0770
0008  | 3.500000e-02 | 1.000000e-02 |  0.7820  0.0870
0009  | 0.000000e+00 | 2.500000e-02 |     NaN     NaN
0010  | 5.000000e-03 | 2.500000e-02 |  0.1440  0.0560
0011  | 1.000000e-02 | 2.500000e-02 |  0.2950  0.0630
0012  | 1.500000e-02 | 2.500000e-02 |  0.3990  0.0660
0013  | 2.000000e-02 | 2.500000e-02 |  0.4930  0.0690
0014  | 2.500000e-02 | 2.500000e-02 |  0.5880  0.0720
0015  | 3.000000e-02 | 2.500000e-02 |  0.6860  0.0760
0016  | 3.500000e-02 | 2.500000e-02 |  0.7950  0.0820
0017  | 0.000000e+00 | 5.000000e-02 |     NaN     NaN
0018  | 5.000000e-03 | 5.000000e-02 |  0.1190  0.1150
0019  | 1.000000e-02 | 5.000000e-02 |  0.2860  0.1120
0020  | 1.500000e-02 | 5.000000e-02 |  0.3930  0.1120
0021  | 2.000000e-02 | 5.000000e-02 |  0.4890  0.1140
0022  | 2.500000e-02 | 5.000000e-02 |  0.5840  0.1170
0023  | 3.000000e-02 | 5.000000e-02 |  0.6840  0.1210
0024  | 3.500000e-02 | 5.000000e-02 |  0.7930  0.1260
0025  | 0.000000e+00 | 1.000000e-01 |     NaN     NaN
0026  | 5.000000e-03 | 1.000000e-01 |     NaN     NaN
0027  | 1.000000e-02 | 1.000000e-01 |  0.2360  0.2210
0028  | 1.500000e-02 | 1.000000e-01 |  0.3580  0.2160
0029  | 2.000000e-02 | 1.000000e-01 |  0.4620  0.2170
0030  | 2.500000e-02 | 1.000000e-01 |  0.5630  0.2200
0031  | 3.000000e-02 | 1.000000e-01 |  0.6660  0.2250
0032  | 3.500000e-02 | 1.000000e-01 |  0.7790  0.2330
0033  | 0.000000e+00 | 1.500000e-01 |     NaN     NaN
0034  | 5.000000e-03 | 1.500000e-01 |  0.0510  0.0200
0035  | 1.000000e-02 | 1.500000e-01 |  0.1290  0.3530
0036  | 1.500000e-02 | 1.500000e-01 |  0.2930  0.3240
0037  | 2.000000e-02 | 1.500000e-01 |  0.4140  0.3220
0038  | 2.500000e-02 | 1.500000e-01 |  0.5260  0.3240
0039  | 3.000000e-02 | 1.500000e-01 |  0.6360  0.3310
0040  | 3.500000e-02 | 1.500000e-01 |  0.7550  0.3410
