0001  | 1.000000e-03 | 5.000000e-02 |     NaN     NaN
0002  | 2.000000e-03 | 5.000000e-02 |     NaN     NaN
0003  | 3.000000e-03 | 5.000000e-02 |  0.0210  0.0160
0004  | 4.000000e-03 | 5.000000e-02 |  0.0720  0.0510
0005  | 5.000000e-03 | 5.000000e-02 |  0.1170  0.0530
0006  | 1.000000e-03 | 1.000000e-01 |  0.0270  0.0700
0007  | 2.000000e-03 | 1.000000e-01 |  0.0270  0.0700
0008  | 3.000000e-03 | 1.000000e-01 |     NaN     NaN
0009  | 4.000000e-03 | 1.000000e-01 |     NaN     NaN
0010  | 5.000000e-03 | 1.000000e-01 |  0.0670  0.1170
0011  | 1.000000e-03 | 1.500000e-01 |  0.0430  0.0770
0012  | 2.000000e-03 | 1.500000e-01 |  0.0430  0.0780
0013  | 3.000000e-03 | 1.500000e-01 |  0.0440  0.0780
0014  | 4.000000e-03 | 1.500000e-01 |  0.0440  0.0790
0015  | 5.000000e-03 | 1.500000e-01 |  0.0530  0.2230
0016  | 1.000000e-03 | 2.000000e-01 |  0.0550  0.0890
0017  | 2.000000e-03 | 2.000000e-01 |  0.0560  0.0890
0018  | 3.000000e-03 | 2.000000e-01 |  0.0570  0.0900
0019  | 4.000000e-03 | 2.000000e-01 |  0.0570  0.0910
0020  | 5.000000e-03 | 2.000000e-01 |  0.0580  0.0920
0021  | 1.000000e-03 | 2.500000e-01 |  0.0650  0.1040
0022  | 2.000000e-03 | 2.500000e-01 |  0.0660  0.1040
0023  | 3.000000e-03 | 2.500000e-01 |  0.0660  0.1060
0024  | 4.000000e-03 | 2.500000e-01 |  0.0680  0.1070
0025  | 5.000000e-03 | 2.500000e-01 |  0.0690  0.1080
0026  | 1.000000e-03 | 3.000000e-01 |  0.0760  0.1640
0027  | 2.000000e-03 | 3.000000e-01 |     NaN     NaN
0028  | 3.000000e-03 | 3.000000e-01 |     NaN     NaN
0029  | 4.000000e-03 | 3.000000e-01 |     NaN     NaN
0030  | 5.000000e-03 | 3.000000e-01 |  0.0750  0.1280
0031  | 1.000000e-03 | 3.500000e-01 |  0.0860  0.1810
0032  | 2.000000e-03 | 3.500000e-01 |  0.0860  0.1840
0033  | 3.000000e-03 | 3.500000e-01 |  0.0850  0.1850
0034  | 4.000000e-03 | 3.500000e-01 |  0.0850  0.1880
0035  | 5.000000e-03 | 3.500000e-01 |  0.0850  0.1890
0036  | 1.000000e-03 | 4.000000e-01 |  0.0960  0.2010
0037  | 2.000000e-03 | 4.000000e-01 |  0.0950  0.2040
0038  | 3.000000e-03 | 4.000000e-01 |  0.0940  0.2060
0039  | 4.000000e-03 | 4.000000e-01 |  0.0930  0.2080
0040  | 5.000000e-03 | 4.000000e-01 |  0.0930  0.2110
0041  | 1.000000e-03 | 4.500000e-01 |  0.1050  0.2260
0042  | 2.000000e-03 | 4.500000e-01 |  0.1030  0.2280
0043  | 3.000000e-03 | 4.500000e-01 |  0.1020  0.2300
0044  | 4.000000e-03 | 4.500000e-01 |  0.1010  0.2320
0045  | 5.000000e-03 | 4.500000e-01 |  0.1000  0.2350
0046  | 1.000000e-03 | 5.000000e-01 |  0.1090  0.2610
0047  | 2.000000e-03 | 5.000000e-01 |  0.1070  0.2590
0048  | 3.000000e-03 | 5.000000e-01 |  0.1050  0.2590
0049  | 4.000000e-03 | 5.000000e-01 |     NaN     NaN
0050  | 5.000000e-03 | 5.000000e-01 |     NaN     NaN
0051  | 1.000000e-03 | 5.500000e-01 |  0.1290  0.2970
0052  | 2.000000e-03 | 5.500000e-01 |  0.1220  0.3020
0053  | 3.000000e-03 | 5.500000e-01 |  0.1130  0.3100
0054  | 4.000000e-03 | 5.500000e-01 |  0.1140  0.3250
0055  | 5.000000e-03 | 5.500000e-01 |  0.1160  0.3310
0056  | 1.000000e-03 | 6.000000e-01 |  0.1430  0.3250
0057  | 2.000000e-03 | 6.000000e-01 |  0.1380  0.3310
0058  | 3.000000e-03 | 6.000000e-01 |  0.1340  0.3380
0059  | 4.000000e-03 | 6.000000e-01 |  0.1310  0.3450
0060  | 5.000000e-03 | 6.000000e-01 |  0.1300  0.3520
0061  | 1.000000e-03 | 6.500000e-01 |  0.1540  0.3530
0062  | 2.000000e-03 | 6.500000e-01 |  0.1500  0.3590
0063  | 3.000000e-03 | 6.500000e-01 |  0.1480  0.3650
0064  | 4.000000e-03 | 6.500000e-01 |  0.1460  0.3700
0065  | 5.000000e-03 | 6.500000e-01 |  0.1440  0.3760
0066  | 1.000000e-03 | 7.000000e-01 |  0.1640  0.3800
0067  | 2.000000e-03 | 7.000000e-01 |  0.1610  0.3850
0068  | 3.000000e-03 | 7.000000e-01 |  0.1580  0.3900
0069  | 4.000000e-03 | 7.000000e-01 |  0.1560  0.3940
0070  | 5.000000e-03 | 7.000000e-01 |  0.1540  0.3990
0071  | 1.000000e-03 | 7.500000e-01 |  0.1720  0.4060
0072  | 2.000000e-03 | 7.500000e-01 |  0.1690  0.4090
0073  | 3.000000e-03 | 7.500000e-01 |  0.1660  0.4130
0074  | 4.000000e-03 | 7.500000e-01 |  0.1630  0.4170
0075  | 5.000000e-03 | 7.500000e-01 |  0.1600  0.4210
0076  | 1.000000e-03 | 8.000000e-01 |  0.1770  0.4300
0077  | 2.000000e-03 | 8.000000e-01 |  0.1740  0.4330
0078  | 3.000000e-03 | 8.000000e-01 |  0.1700  0.4360
0079  | 4.000000e-03 | 8.000000e-01 |  0.1670  0.4390
0080  | 5.000000e-03 | 8.000000e-01 |  0.1640  0.4420
