#Run  | beta      1  | kymin     1  /Eigenvalue1            
0001  | 5.000000e-03 | 5.000000e-02 |     NaN     NaN
0002  | 6.000000e-03 | 5.000000e-02 |     NaN     NaN
0003  | 7.000000e-03 | 5.000000e-02 |     NaN     NaN
0004  | 8.000000e-03 | 5.000000e-02 |     NaN     NaN
0005  | 9.000000e-03 | 5.000000e-02 |     NaN     NaN
0006  | 1.000000e-02 | 5.000000e-02 |  0.0200  0.0150
0007  | 5.000000e-03 | 1.000000e-01 |  0.0250  0.0720
0008  | 6.000000e-03 | 1.000000e-01 |  0.0250  0.0720
0009  | 7.000000e-03 | 1.000000e-01 |  0.0250  0.0730
0010  | 8.000000e-03 | 1.000000e-01 |  0.0250  0.0730
0011  | 9.000000e-03 | 1.000000e-01 |  0.0250  0.0730
0012  | 1.000000e-02 | 1.000000e-01 |  0.0250  0.0740
0013  | 5.000000e-03 | 1.500000e-01 |  0.0390  0.0790
0014  | 6.000000e-03 | 1.500000e-01 |  0.0390  0.0800
0015  | 7.000000e-03 | 1.500000e-01 |  0.0400  0.0800
0016  | 8.000000e-03 | 1.500000e-01 |  0.0400  0.0810
0017  | 9.000000e-03 | 1.500000e-01 |  0.0400  0.0810
0018  | 1.000000e-02 | 1.500000e-01 |  0.0410  0.0820
0019  | 5.000000e-03 | 2.000000e-01 |  0.0470  0.0900
0020  | 6.000000e-03 | 2.000000e-01 |  0.0480  0.0900
0021  | 7.000000e-03 | 2.000000e-01 |  0.0490  0.0910
0022  | 8.000000e-03 | 2.000000e-01 |  0.0500  0.0920
0023  | 9.000000e-03 | 2.000000e-01 |  0.0510  0.0930
0024  | 1.000000e-02 | 2.000000e-01 |  0.0520  0.0940
0025  | 5.000000e-03 | 2.500000e-01 |     NaN     NaN
0026  | 6.000000e-03 | 2.500000e-01 |     NaN     NaN
0027  | 7.000000e-03 | 2.500000e-01 |     NaN     NaN
0028  | 8.000000e-03 | 2.500000e-01 |     NaN     NaN
0029  | 9.000000e-03 | 2.500000e-01 |  0.0580  0.1080
0030  | 1.000000e-02 | 2.500000e-01 |  0.0590  0.1080
0031  | 5.000000e-03 | 3.000000e-01 |  0.0680  0.1660
0032  | 6.000000e-03 | 3.000000e-01 |  0.0680  0.1670
0033  | 7.000000e-03 | 3.000000e-01 |  0.0690  0.1680
0034  | 8.000000e-03 | 3.000000e-01 |  0.0680  0.1700
0035  | 9.000000e-03 | 3.000000e-01 |  0.0680  0.1700
0036  | 1.000000e-02 | 3.000000e-01 |  0.0680  0.1720
0037  | 5.000000e-03 | 3.500000e-01 |  0.0760  0.1830
0038  | 6.000000e-03 | 3.500000e-01 |  0.0770  0.1840
0039  | 7.000000e-03 | 3.500000e-01 |  0.0770  0.1860
0040  | 8.000000e-03 | 3.500000e-01 |  0.0780  0.1870
0041  | 9.000000e-03 | 3.500000e-01 |  0.0780  0.1890
0042  | 1.000000e-02 | 3.500000e-01 |  0.0780  0.1900
0043  | 5.000000e-03 | 4.000000e-01 |  0.0840  0.2030
0044  | 6.000000e-03 | 4.000000e-01 |  0.0840  0.2040
0045  | 7.000000e-03 | 4.000000e-01 |  0.0850  0.2050
0046  | 8.000000e-03 | 4.000000e-01 |  0.0850  0.2070
0047  | 9.000000e-03 | 4.000000e-01 |  0.0860  0.2080
0048  | 1.000000e-02 | 4.000000e-01 |  0.0860  0.2110
0049  | 5.000000e-03 | 4.500000e-01 |     NaN     NaN
0050  | 6.000000e-03 | 4.500000e-01 |     NaN     NaN
0051  | 7.000000e-03 | 4.500000e-01 |     NaN     NaN
0052  | 8.000000e-03 | 4.500000e-01 |     NaN     NaN
0053  | 9.000000e-03 | 4.500000e-01 |     NaN     NaN
0054  | 1.000000e-02 | 4.500000e-01 |     NaN     NaN
0055  | 5.000000e-03 | 5.000000e-01 |  0.0930  0.2620
0056  | 6.000000e-03 | 5.000000e-01 |     NaN     NaN
0057  | 7.000000e-03 | 5.000000e-01 |     NaN     NaN
0058  | 8.000000e-03 | 5.000000e-01 |  0.0970  0.3110
0059  | 9.000000e-03 | 5.000000e-01 |  0.0980  0.3130
0060  | 1.000000e-02 | 5.000000e-01 |  0.1010  0.3170
0061  | 5.000000e-03 | 5.500000e-01 |  0.1120  0.2980
0062  | 6.000000e-03 | 5.500000e-01 |  0.1090  0.3020
0063  | 7.000000e-03 | 5.500000e-01 |  0.1060  0.3090
0064  | 8.000000e-03 | 5.500000e-01 |  0.1040  0.3200
0065  | 9.000000e-03 | 5.500000e-01 |  0.1090  0.3260
0066  | 1.000000e-02 | 5.500000e-01 |  0.1110  0.3310
0067  | 5.000000e-03 | 6.000000e-01 |  0.1270  0.3230
0068  | 6.000000e-03 | 6.000000e-01 |  0.1260  0.3270
0069  | 7.000000e-03 | 6.000000e-01 |  0.1250  0.3320
0070  | 8.000000e-03 | 6.000000e-01 |  0.1240  0.3370
0071  | 9.000000e-03 | 6.000000e-01 |  0.1230  0.3430
0072  | 1.000000e-02 | 6.000000e-01 |  0.1230  0.3480
0073  | 5.000000e-03 | 6.500000e-01 |  0.1400  0.3490
0074  | 6.000000e-03 | 6.500000e-01 |  0.1390  0.3530
0075  | 7.000000e-03 | 6.500000e-01 |  0.1380  0.3560
0076  | 8.000000e-03 | 6.500000e-01 |  0.1380  0.3600
0077  | 9.000000e-03 | 6.500000e-01 |  0.1370  0.3650
0078  | 1.000000e-02 | 6.500000e-01 |  0.1360  0.3690
0079  | 5.000000e-03 | 7.000000e-01 |  0.1520  0.3730
0080  | 6.000000e-03 | 7.000000e-01 |  0.1510  0.3760
0081  | 7.000000e-03 | 7.000000e-01 |  0.1500  0.3800
0082  | 8.000000e-03 | 7.000000e-01 |  0.1490  0.3830
0083  | 9.000000e-03 | 7.000000e-01 |  0.1480  0.3870
0084  | 1.000000e-02 | 7.000000e-01 |  0.1460  0.3910
0085  | 5.000000e-03 | 7.500000e-01 |  0.1610  0.3960
0086  | 6.000000e-03 | 7.500000e-01 |  0.1600  0.3990
0087  | 7.000000e-03 | 7.500000e-01 |  0.1590  0.4020
0088  | 8.000000e-03 | 7.500000e-01 |  0.1570  0.4050
0089  | 9.000000e-03 | 7.500000e-01 |  0.1560  0.4080
0090  | 1.000000e-02 | 7.500000e-01 |  0.1540  0.4120
0091  | 5.000000e-03 | 8.000000e-01 |  0.1680  0.4180
0092  | 6.000000e-03 | 8.000000e-01 |  0.1670  0.4200
0093  | 7.000000e-03 | 8.000000e-01 |  0.1650  0.4230
0094  | 8.000000e-03 | 8.000000e-01 |  0.1630  0.4260
0095  | 9.000000e-03 | 8.000000e-01 |  0.1620  0.4280
0096  | 1.000000e-02 | 8.000000e-01 |  0.1600  0.4320
