0002  | 1.100000e-02 | 5.000000e-02 |     NaN     NaN
0003  | 1.200000e-02 | 5.000000e-02 |     NaN     NaN
0004  | 1.300000e-02 | 5.000000e-02 |     NaN     NaN
0005  | 1.400000e-02 | 5.000000e-02 |     NaN     NaN
0006  | 1.500000e-02 | 5.000000e-02 |     NaN     NaN
0007  | 1.600000e-02 | 5.000000e-02 |     NaN     NaN
0008  | 1.700000e-02 | 5.000000e-02 |     NaN     NaN
0009  | 1.800000e-02 | 5.000000e-02 |  0.0230  0.0210
0010  | 1.900000e-02 | 5.000000e-02 |  0.0710  0.0490
0011  | 2.000000e-02 | 5.000000e-02 |  0.1140  0.0520
0013  | 1.100000e-02 | 1.000000e-01 |  0.0240  0.0700
0014  | 1.200000e-02 | 1.000000e-01 |  0.0240  0.0700
0015  | 1.300000e-02 | 1.000000e-01 |  0.0240  0.0700
0016  | 1.400000e-02 | 1.000000e-01 |  0.0240  0.0710
0017  | 1.500000e-02 | 1.000000e-01 |  0.0240  0.0710
0018  | 1.600000e-02 | 1.000000e-01 |  0.0240  0.0710
0019  | 1.700000e-02 | 1.000000e-01 |  0.0240  0.0720
0020  | 1.800000e-02 | 1.000000e-01 |     NaN     NaN
0021  | 1.900000e-02 | 1.000000e-01 |     NaN     NaN
0022  | 2.000000e-02 | 1.000000e-01 |  0.0440  0.1100
0024  | 1.100000e-02 | 1.500000e-01 |  0.0360  0.0770
0025  | 1.200000e-02 | 1.500000e-01 |  0.0360  0.0770
0026  | 1.300000e-02 | 1.500000e-01 |  0.0370  0.0780
0027  | 1.400000e-02 | 1.500000e-01 |  0.0370  0.0780
0028  | 1.500000e-02 | 1.500000e-01 |  0.0380  0.0790
0029  | 1.600000e-02 | 1.500000e-01 |  0.0380  0.0790
0030  | 1.700000e-02 | 1.500000e-01 |  0.0390  0.0800
0031  | 1.800000e-02 | 1.500000e-01 |  0.0390  0.0800
0032  | 1.900000e-02 | 1.500000e-01 |  0.0390  0.0810
0033  | 2.000000e-02 | 1.500000e-01 |     NaN     NaN
0035  | 1.100000e-02 | 2.000000e-01 |     NaN     NaN
0036  | 1.200000e-02 | 2.000000e-01 |  0.0420  0.0870
0037  | 1.300000e-02 | 2.000000e-01 |  0.0430  0.0880
0038  | 1.400000e-02 | 2.000000e-01 |  0.0440  0.0880
0039  | 1.500000e-02 | 2.000000e-01 |  0.0450  0.0890
0040  | 1.600000e-02 | 2.000000e-01 |  0.0460  0.0900
0041  | 1.700000e-02 | 2.000000e-01 |  0.0470  0.0910
0042  | 1.800000e-02 | 2.000000e-01 |  0.0480  0.0920
0043  | 1.900000e-02 | 2.000000e-01 |  0.0490  0.0930
0044  | 2.000000e-02 | 2.000000e-01 |  0.0500  0.0950
0046  | 1.100000e-02 | 2.500000e-01 |  0.0550  0.1480
0047  | 1.200000e-02 | 2.500000e-01 |  0.0550  0.1490
0048  | 1.300000e-02 | 2.500000e-01 |  0.0550  0.1500
0049  | 1.400000e-02 | 2.500000e-01 |     NaN     NaN
0050  | 1.500000e-02 | 2.500000e-01 |     NaN     NaN
0051  | 1.600000e-02 | 2.500000e-01 |     NaN     NaN
0052  | 1.700000e-02 | 2.500000e-01 |     NaN     NaN
0053  | 1.800000e-02 | 2.500000e-01 |     NaN     NaN
0054  | 1.900000e-02 | 2.500000e-01 |     NaN     NaN
0055  | 2.000000e-02 | 2.500000e-01 |  0.0540  0.1100
0057  | 1.100000e-02 | 3.000000e-01 |  0.0630  0.1620
0058  | 1.200000e-02 | 3.000000e-01 |  0.0640  0.1630
0059  | 1.300000e-02 | 3.000000e-01 |  0.0640  0.1640
0060  | 1.400000e-02 | 3.000000e-01 |  0.0650  0.1650
0061  | 1.500000e-02 | 3.000000e-01 |  0.0650  0.1660
0062  | 1.600000e-02 | 3.000000e-01 |  0.0660  0.1680
0063  | 1.700000e-02 | 3.000000e-01 |  0.0660  0.1690
0064  | 1.800000e-02 | 3.000000e-01 |  0.0660  0.1700
0065  | 1.900000e-02 | 3.000000e-01 |  0.0650  0.1720
0066  | 2.000000e-02 | 3.000000e-01 |  0.0650  0.1740
0068  | 1.100000e-02 | 3.500000e-01 |     NaN     NaN
0069  | 1.200000e-02 | 3.500000e-01 |     NaN     NaN
0070  | 1.300000e-02 | 3.500000e-01 |     NaN     NaN
0071  | 1.400000e-02 | 3.500000e-01 |     NaN     NaN
0072  | 1.500000e-02 | 3.500000e-01 |     NaN     NaN
0073  | 1.600000e-02 | 3.500000e-01 |  0.0740  0.1850
0074  | 1.700000e-02 | 3.500000e-01 |  0.0740  0.1870
0075  | 1.800000e-02 | 3.500000e-01 |  0.0740  0.1890
0076  | 1.900000e-02 | 3.500000e-01 |  0.0740  0.1910
0077  | 2.000000e-02 | 3.500000e-01 |  0.0740  0.1940
0079  | 1.100000e-02 | 4.000000e-01 |  0.0780  0.2770
0080  | 1.200000e-02 | 4.000000e-01 |     NaN     NaN
0081  | 1.300000e-02 | 4.000000e-01 |     NaN     NaN
0082  | 1.400000e-02 | 4.000000e-01 |     NaN     NaN
0083  | 1.500000e-02 | 4.000000e-01 |     NaN     NaN
0084  | 1.600000e-02 | 4.000000e-01 |     NaN     NaN
0085  | 1.700000e-02 | 4.000000e-01 |     NaN     NaN
0086  | 1.800000e-02 | 4.000000e-01 |     NaN     NaN
0087  | 1.900000e-02 | 4.000000e-01 |     NaN     NaN
0088  | 2.000000e-02 | 4.000000e-01 |     NaN     NaN
0090  | 1.100000e-02 | 4.500000e-01 |  0.0830  0.2890
0091  | 1.200000e-02 | 4.500000e-01 |  0.0850  0.2900
0092  | 1.300000e-02 | 4.500000e-01 |  0.0860  0.2910
0093  | 1.400000e-02 | 4.500000e-01 |  0.0870  0.2930
0094  | 1.500000e-02 | 4.500000e-01 |  0.0890  0.2960
0095  | 1.600000e-02 | 4.500000e-01 |  0.0890  0.2980
0096  | 1.700000e-02 | 4.500000e-01 |  0.0910  0.2990
0097  | 1.800000e-02 | 4.500000e-01 |  0.0920  0.3030
0098  | 1.900000e-02 | 4.500000e-01 |  0.0920  0.3050
0099  | 2.000000e-02 | 4.500000e-01 |  0.0940  0.3080
0101  | 1.100000e-02 | 5.000000e-01 |  0.0840  0.2960
0102  | 1.200000e-02 | 5.000000e-01 |  0.0880  0.3000
0103  | 1.300000e-02 | 5.000000e-01 |  0.0890  0.3020
0104  | 1.400000e-02 | 5.000000e-01 |  0.0920  0.3040
0105  | 1.500000e-02 | 5.000000e-01 |  0.0940  0.3070
0106  | 1.600000e-02 | 5.000000e-01 |  0.0960  0.3110
0107  | 1.700000e-02 | 5.000000e-01 |  0.0990  0.3140
0108  | 1.800000e-02 | 5.000000e-01 |  0.1000  0.3180
0109  | 1.900000e-02 | 5.000000e-01 |  0.1020  0.3220
0110  | 2.000000e-02 | 5.000000e-01 |  0.1030  0.3260
0112  | 1.100000e-02 | 5.500000e-01 |  0.0970  0.2960
0113  | 1.200000e-02 | 5.500000e-01 |  0.0960  0.3020
0114  | 1.300000e-02 | 5.500000e-01 |  0.0980  0.3090
0115  | 1.400000e-02 | 5.500000e-01 |  0.1010  0.3150
0116  | 1.500000e-02 | 5.500000e-01 |  0.1030  0.3200
0117  | 1.600000e-02 | 5.500000e-01 |  0.1050  0.3240
0118  | 1.700000e-02 | 5.500000e-01 |  0.1070  0.3280
0119  | 1.800000e-02 | 5.500000e-01 |  0.1080  0.3330
0120  | 1.900000e-02 | 5.500000e-01 |  0.1090  0.3390
0121  | 2.000000e-02 | 5.500000e-01 |  0.1100  0.3450
0123  | 1.100000e-02 | 6.000000e-01 |  0.1140  0.3180
0124  | 1.200000e-02 | 6.000000e-01 |  0.1140  0.3220
0125  | 1.300000e-02 | 6.000000e-01 |  0.1150  0.3260
0126  | 1.400000e-02 | 6.000000e-01 |  0.1150  0.3310
0127  | 1.500000e-02 | 6.000000e-01 |  0.1160  0.3360
0128  | 1.600000e-02 | 6.000000e-01 |  0.1170  0.3410
0129  | 1.700000e-02 | 6.000000e-01 |  0.1180  0.3460
0130  | 1.800000e-02 | 6.000000e-01 |  0.1190  0.3510
0131  | 1.900000e-02 | 6.000000e-01 |  0.1190  0.3580
0132  | 2.000000e-02 | 6.000000e-01 |  0.1190  0.3640
0134  | 1.100000e-02 | 6.500000e-01 |  0.1280  0.3410
0135  | 1.200000e-02 | 6.500000e-01 |  0.1280  0.3440
0136  | 1.300000e-02 | 6.500000e-01 |  0.1280  0.3480
0137  | 1.400000e-02 | 6.500000e-01 |  0.1290  0.3510
0138  | 1.500000e-02 | 6.500000e-01 |  0.1290  0.3560
0139  | 1.600000e-02 | 6.500000e-01 |  0.1290  0.3600
0140  | 1.700000e-02 | 6.500000e-01 |  0.1290  0.3650
0141  | 1.800000e-02 | 6.500000e-01 |  0.1290  0.3710
0142  | 1.900000e-02 | 6.500000e-01 |  0.1290  0.3770
0143  | 2.000000e-02 | 6.500000e-01 |  0.1280  0.3830
0145  | 1.100000e-02 | 7.000000e-01 |  0.1400  0.3620
0146  | 1.200000e-02 | 7.000000e-01 |  0.1400  0.3650
0147  | 1.300000e-02 | 7.000000e-01 |  0.1400  0.3680
0148  | 1.400000e-02 | 7.000000e-01 |  0.1400  0.3720
0149  | 1.500000e-02 | 7.000000e-01 |  0.1390  0.3760
0150  | 1.600000e-02 | 7.000000e-01 |  0.1390  0.3800
0151  | 1.700000e-02 | 7.000000e-01 |  0.1380  0.3850
0152  | 1.800000e-02 | 7.000000e-01 |  0.1370  0.3900
0153  | 1.900000e-02 | 7.000000e-01 |  0.1360  0.3950
0154  | 2.000000e-02 | 7.000000e-01 |  0.1340  0.4010
0156  | 1.100000e-02 | 7.500000e-01 |  0.1490  0.3820
0157  | 1.200000e-02 | 7.500000e-01 |  0.1490  0.3850
0158  | 1.300000e-02 | 7.500000e-01 |  0.1490  0.3880
0159  | 1.400000e-02 | 7.500000e-01 |  0.1480  0.3910
0160  | 1.500000e-02 | 7.500000e-01 |  0.1470  0.3950
0161  | 1.600000e-02 | 7.500000e-01 |  0.1470  0.3990
0162  | 1.700000e-02 | 7.500000e-01 |  0.1450  0.4030
0163  | 1.800000e-02 | 7.500000e-01 |  0.1440  0.4080
0164  | 1.900000e-02 | 7.500000e-01 |  0.1420  0.4130
0165  | 2.000000e-02 | 7.500000e-01 |  0.1400  0.4190
0167  | 1.100000e-02 | 8.000000e-01 |  0.1560  0.4020
0168  | 1.200000e-02 | 8.000000e-01 |  0.1560  0.4050
0169  | 1.300000e-02 | 8.000000e-01 |  0.1550  0.4080
0170  | 1.400000e-02 | 8.000000e-01 |  0.1550  0.4110
0171  | 1.500000e-02 | 8.000000e-01 |  0.1540  0.4140
0172  | 1.600000e-02 | 8.000000e-01 |  0.1520  0.4180
0173  | 1.700000e-02 | 8.000000e-01 |  0.1510  0.4210
0174  | 1.800000e-02 | 8.000000e-01 |  0.1490  0.4260
0175  | 1.900000e-02 | 8.000000e-01 |  0.1460  0.4300
0176  | 2.000000e-02 | 8.000000e-01 |  0.1430  0.4350
