0002  | 2.100000e-02 | 5.000000e-02 |     NaN     NaN
0003  | 2.200000e-02 | 5.000000e-02 |     NaN     NaN
0004  | 2.300000e-02 | 5.000000e-02 |     NaN     NaN
0005  | 2.400000e-02 | 5.000000e-02 |     NaN     NaN
0006  | 2.500000e-02 | 5.000000e-02 |     NaN     NaN
0007  | 2.600000e-02 | 5.000000e-02 |     NaN     NaN
0008  | 2.700000e-02 | 5.000000e-02 |     NaN     NaN
0009  | 2.800000e-02 | 5.000000e-02 |     NaN     NaN
0010  | 2.900000e-02 | 5.000000e-02 |  0.0180 -0.0910
0013  | 2.100000e-02 | 1.000000e-01 |  0.0190  0.0720
0014  | 2.200000e-02 | 1.000000e-01 |  0.0190  0.0730
0015  | 2.300000e-02 | 1.000000e-01 |  0.0190  0.0730
0016  | 2.400000e-02 | 1.000000e-01 |  0.0190  0.0730
0017  | 2.500000e-02 | 1.000000e-01 |  0.0190  0.0730
0018  | 2.600000e-02 | 1.000000e-01 |  0.0190  0.0740
0019  | 2.700000e-02 | 1.000000e-01 |  0.0190  0.0740
0020  | 2.800000e-02 | 1.000000e-01 |  0.0190  0.0740
0021  | 2.900000e-02 | 1.000000e-01 |  0.0200  0.0750
0024  | 2.100000e-02 | 1.500000e-01 |  0.0230  0.0820
0025  | 2.200000e-02 | 1.500000e-01 |  0.0230  0.0830
0026  | 2.300000e-02 | 1.500000e-01 |  0.0240  0.0830
0027  | 2.400000e-02 | 1.500000e-01 |  0.0250  0.0830
0028  | 2.500000e-02 | 1.500000e-01 |  0.0250  0.0840
0029  | 2.600000e-02 | 1.500000e-01 |  0.0260  0.0840
0030  | 2.700000e-02 | 1.500000e-01 |  0.0260  0.0850
0031  | 2.800000e-02 | 1.500000e-01 |  0.0270  0.0850
0032  | 2.900000e-02 | 1.500000e-01 |  0.0270  0.0860
0035  | 2.100000e-02 | 2.000000e-01 |  0.0290  0.1400
0036  | 2.200000e-02 | 2.000000e-01 |  0.0290  0.1410
0037  | 2.300000e-02 | 2.000000e-01 |  0.0290  0.1420
0038  | 2.400000e-02 | 2.000000e-01 |  0.0290  0.1420
0039  | 2.500000e-02 | 2.000000e-01 |     NaN     NaN
0040  | 2.600000e-02 | 2.000000e-01 |     NaN     NaN
0041  | 2.700000e-02 | 2.000000e-01 |     NaN     NaN
0042  | 2.800000e-02 | 2.000000e-01 |     NaN     NaN
0043  | 2.900000e-02 | 2.000000e-01 |     NaN     NaN
0046  | 2.100000e-02 | 2.500000e-01 |  0.0350  0.1520
0047  | 2.200000e-02 | 2.500000e-01 |  0.0360  0.1530
0048  | 2.300000e-02 | 2.500000e-01 |  0.0360  0.1530
0049  | 2.400000e-02 | 2.500000e-01 |  0.0370  0.1530
0050  | 2.500000e-02 | 2.500000e-01 |  0.0370  0.1540
0051  | 2.600000e-02 | 2.500000e-01 |  0.0370  0.1550
0052  | 2.700000e-02 | 2.500000e-01 |  0.0370  0.1560
0053  | 2.800000e-02 | 2.500000e-01 |  0.0380  0.1560
0054  | 2.900000e-02 | 2.500000e-01 |  0.0380  0.1570
0057  | 2.100000e-02 | 3.000000e-01 |  0.0470  0.2380
0058  | 2.200000e-02 | 3.000000e-01 |  0.0470  0.2390
0059  | 2.300000e-02 | 3.000000e-01 |  0.0470  0.2400
0060  | 2.400000e-02 | 3.000000e-01 |  0.0470  0.2410
0061  | 2.500000e-02 | 3.000000e-01 |  0.0480  0.2420
0062  | 2.600000e-02 | 3.000000e-01 |  0.0480  0.2430
0063  | 2.700000e-02 | 3.000000e-01 |     NaN     NaN
0064  | 2.800000e-02 | 3.000000e-01 |     NaN     NaN
0065  | 2.900000e-02 | 3.000000e-01 |     NaN     NaN
0068  | 2.100000e-02 | 3.500000e-01 |  0.0550  0.2500
0069  | 2.200000e-02 | 3.500000e-01 |  0.0560  0.2510
0070  | 2.300000e-02 | 3.500000e-01 |  0.0560  0.2520
0071  | 2.400000e-02 | 3.500000e-01 |  0.0570  0.2540
0072  | 2.500000e-02 | 3.500000e-01 |  0.0580  0.2540
0073  | 2.600000e-02 | 3.500000e-01 |  0.0580  0.2560
0074  | 2.700000e-02 | 3.500000e-01 |  0.0590  0.2570
0075  | 2.800000e-02 | 3.500000e-01 |  0.0600  0.2590
0076  | 2.900000e-02 | 3.500000e-01 |  0.0600  0.2600
0079  | 2.100000e-02 | 4.000000e-01 |  0.0560  0.2600
0080  | 2.200000e-02 | 4.000000e-01 |  0.0580  0.2610
0081  | 2.300000e-02 | 4.000000e-01 |  0.0590  0.2620
0082  | 2.400000e-02 | 4.000000e-01 |  0.0590  0.2650
0083  | 2.500000e-02 | 4.000000e-01 |  0.0620  0.2670
0084  | 2.600000e-02 | 4.000000e-01 |  0.0630  0.2670
0085  | 2.700000e-02 | 4.000000e-01 |  0.0630  0.2690
0086  | 2.800000e-02 | 4.000000e-01 |  0.0650  0.2720
0087  | 2.900000e-02 | 4.000000e-01 |  0.0670  0.2730
0090  | 2.100000e-02 | 4.500000e-01 |     NaN     NaN
0091  | 2.200000e-02 | 4.500000e-01 |  0.0550  0.2690
0092  | 2.300000e-02 | 4.500000e-01 |  0.0570  0.2710
0093  | 2.400000e-02 | 4.500000e-01 |  0.0590  0.2730
0094  | 2.500000e-02 | 4.500000e-01 |  0.0610  0.2760
0095  | 2.600000e-02 | 4.500000e-01 |  0.0630  0.2780
0096  | 2.700000e-02 | 4.500000e-01 |  0.0650  0.2800
0097  | 2.800000e-02 | 4.500000e-01 |  0.0680  0.2820
0098  | 2.900000e-02 | 4.500000e-01 |  0.0700  0.2850
0101  | 2.100000e-02 | 5.000000e-01 |     NaN     NaN
0102  | 2.200000e-02 | 5.000000e-01 |     NaN     NaN
0103  | 2.300000e-02 | 5.000000e-01 |  0.0600  0.2760
0104  | 2.400000e-02 | 5.000000e-01 |  0.0620  0.2790
0105  | 2.500000e-02 | 5.000000e-01 |  0.0660  0.2810
0106  | 2.600000e-02 | 5.000000e-01 |  0.0680  0.2840
0107  | 2.700000e-02 | 5.000000e-01 |  0.0710  0.2870
0108  | 2.800000e-02 | 5.000000e-01 |  0.0740  0.2900
0109  | 2.900000e-02 | 5.000000e-01 |  0.0770  0.2940
0112  | 2.100000e-02 | 5.500000e-01 |  0.0710  0.2910
0113  | 2.200000e-02 | 5.500000e-01 |  0.0730  0.2910
0114  | 2.300000e-02 | 5.500000e-01 |  0.0740  0.2920
0115  | 2.400000e-02 | 5.500000e-01 |  0.0760  0.2930
0116  | 2.500000e-02 | 5.500000e-01 |  0.0780  0.2950
0117  | 2.600000e-02 | 5.500000e-01 |  0.0810  0.2980
0118  | 2.700000e-02 | 5.500000e-01 |  0.0830  0.3000
0119  | 2.800000e-02 | 5.500000e-01 |  0.0860  0.3040
0120  | 2.900000e-02 | 5.500000e-01 |  0.0880  0.3070
0123  | 2.100000e-02 | 6.000000e-01 |  0.0840  0.3060
0124  | 2.200000e-02 | 6.000000e-01 |  0.0860  0.3080
0125  | 2.300000e-02 | 6.000000e-01 |  0.0880  0.3090
0126  | 2.400000e-02 | 6.000000e-01 |  0.0900  0.3110
0127  | 2.500000e-02 | 6.000000e-01 |  0.0920  0.3120
0128  | 2.600000e-02 | 6.000000e-01 |  0.0940  0.3150
0129  | 2.700000e-02 | 6.000000e-01 |  0.0960  0.3170
0130  | 2.800000e-02 | 6.000000e-01 |  0.0990  0.3200
0131  | 2.900000e-02 | 6.000000e-01 |  0.1010  0.3240
0134  | 2.100000e-02 | 6.500000e-01 |  0.0940  0.3220
0135  | 2.200000e-02 | 6.500000e-01 |  0.0960  0.3240
0136  | 2.300000e-02 | 6.500000e-01 |  0.0980  0.3250
0137  | 2.400000e-02 | 6.500000e-01 |  0.1000  0.3270
0138  | 2.500000e-02 | 6.500000e-01 |  0.1020  0.3290
0139  | 2.600000e-02 | 6.500000e-01 |  0.1050  0.3310
0140  | 2.700000e-02 | 6.500000e-01 |  0.1070  0.3340
0141  | 2.800000e-02 | 6.500000e-01 |  0.1090  0.3370
0142  | 2.900000e-02 | 6.500000e-01 |  0.1110  0.3410
0145  | 2.100000e-02 | 7.000000e-01 |  0.1010  0.3400
0146  | 2.200000e-02 | 7.000000e-01 |  0.1030  0.3400
0147  | 2.300000e-02 | 7.000000e-01 |  0.1060  0.3420
0148  | 2.400000e-02 | 7.000000e-01 |  0.1080  0.3440
0149  | 2.500000e-02 | 7.000000e-01 |  0.1100  0.3460
0150  | 2.600000e-02 | 7.000000e-01 |  0.1120  0.3480
0151  | 2.700000e-02 | 7.000000e-01 |  0.1150  0.3510
0152  | 2.800000e-02 | 7.000000e-01 |  0.1160  0.3550
0153  | 2.900000e-02 | 7.000000e-01 |  0.1180  0.3590
0156  | 2.100000e-02 | 7.500000e-01 |  0.1070  0.3580
0157  | 2.200000e-02 | 7.500000e-01 |  0.1090  0.3590
0158  | 2.300000e-02 | 7.500000e-01 |  0.1120  0.3610
0159  | 2.400000e-02 | 7.500000e-01 |  0.1140  0.3620
0160  | 2.500000e-02 | 7.500000e-01 |  0.1160  0.3640
0161  | 2.600000e-02 | 7.500000e-01 |  0.1180  0.3670
0162  | 2.700000e-02 | 7.500000e-01 |  0.1200  0.3690
0163  | 2.800000e-02 | 7.500000e-01 |  0.1220  0.3730
0164  | 2.900000e-02 | 7.500000e-01 |  0.1240  0.3760
0167  | 2.100000e-02 | 8.000000e-01 |  0.1140  0.3770
0168  | 2.200000e-02 | 8.000000e-01 |  0.1160  0.3780
0169  | 2.300000e-02 | 8.000000e-01 |  0.1180  0.3800
0170  | 2.400000e-02 | 8.000000e-01 |  0.1200  0.3810
0171  | 2.500000e-02 | 8.000000e-01 |  0.1220  0.3830
0172  | 2.600000e-02 | 8.000000e-01 |  0.1240  0.3860
0173  | 2.700000e-02 | 8.000000e-01 |  0.1260  0.3880
0174  | 2.800000e-02 | 8.000000e-01 |  0.1270  0.3910
0175  | 2.900000e-02 | 8.000000e-01 |  0.1280  0.3950
