0001  | 1.000000e-03 | 5.000000e-02 |     NaN     NaN
0002  | 2.000000e-03 | 5.000000e-02 |     NaN     NaN
0003  | 3.000000e-03 | 5.000000e-02 |  0.0210  0.0160
0004  | 4.000000e-03 | 5.000000e-02 |  0.0720  0.0510
0005  | 5.000000e-03 | 5.000000e-02 |  0.1170  0.0530
0002  | 6.000000e-03 | 5.000000e-02 |     NaN     NaN
0003  | 7.000000e-03 | 5.000000e-02 |     NaN     NaN
0004  | 8.000000e-03 | 5.000000e-02 |     NaN     NaN
0005  | 9.000000e-03 | 5.000000e-02 |     NaN     NaN
0006  | 1.000000e-02 | 5.000000e-02 |  0.0200  0.0150
0002  | 1.100000e-02 | 5.000000e-02 |     NaN     NaN
0003  | 1.200000e-02 | 5.000000e-02 |     NaN     NaN
0004  | 1.300000e-02 | 5.000000e-02 |     NaN     NaN
0005  | 1.400000e-02 | 5.000000e-02 |     NaN     NaN
0006  | 1.500000e-02 | 5.000000e-02 |     NaN     NaN
0007  | 1.600000e-02 | 5.000000e-02 |     NaN     NaN
0008  | 1.700000e-02 | 5.000000e-02 |     NaN     NaN
0009  | 1.800000e-02 | 5.000000e-02 |  0.0230  0.0210
0010  | 1.900000e-02 | 5.000000e-02 |  0.0710  0.0490
0011  | 2.000000e-02 | 5.000000e-02 |  0.1140  0.0520
0002  | 2.100000e-02 | 5.000000e-02 |     NaN     NaN
0003  | 2.200000e-02 | 5.000000e-02 |     NaN     NaN
0004  | 2.300000e-02 | 5.000000e-02 |     NaN     NaN
0005  | 2.400000e-02 | 5.000000e-02 |     NaN     NaN
0006  | 2.500000e-02 | 5.000000e-02 |     NaN     NaN
0007  | 2.600000e-02 | 5.000000e-02 |     NaN     NaN
0008  | 2.700000e-02 | 5.000000e-02 |     NaN     NaN
0009  | 2.800000e-02 | 5.000000e-02 |     NaN     NaN
0010  | 2.900000e-02 | 5.000000e-02 |  0.0180 -0.0910
0001  | 3.000000e-02 | 5.000000e-02 |     NaN     NaN
0002  | 3.100000e-02 | 5.000000e-02 |     NaN     NaN
0003  | 3.200000e-02 | 5.000000e-02 |     NaN     NaN
0004  | 3.300000e-02 | 5.000000e-02 |     NaN     NaN
0005  | 3.400000e-02 | 5.000000e-02 |     NaN     NaN
0006  | 3.500000e-02 | 5.000000e-02 |     NaN     NaN
0006  | 1.000000e-03 | 1.000000e-01 |  0.0270  0.0700
0007  | 2.000000e-03 | 1.000000e-01 |  0.0270  0.0700
0008  | 3.000000e-03 | 1.000000e-01 |     NaN     NaN
0009  | 4.000000e-03 | 1.000000e-01 |     NaN     NaN
0010  | 5.000000e-03 | 1.000000e-01 |  0.0670  0.1170
0008  | 6.000000e-03 | 1.000000e-01 |  0.0250  0.0720
0009  | 7.000000e-03 | 1.000000e-01 |  0.0250  0.0730
0010  | 8.000000e-03 | 1.000000e-01 |  0.0250  0.0730
0011  | 9.000000e-03 | 1.000000e-01 |  0.0250  0.0730
0012  | 1.000000e-02 | 1.000000e-01 |  0.0250  0.0740
0013  | 1.100000e-02 | 1.000000e-01 |  0.0240  0.0700
0014  | 1.200000e-02 | 1.000000e-01 |  0.0240  0.0700
0015  | 1.300000e-02 | 1.000000e-01 |  0.0240  0.0700
0016  | 1.400000e-02 | 1.000000e-01 |  0.0240  0.0710
0017  | 1.500000e-02 | 1.000000e-01 |  0.0240  0.0710
0018  | 1.600000e-02 | 1.000000e-01 |  0.0240  0.0710
0019  | 1.700000e-02 | 1.000000e-01 |  0.0240  0.0720
0020  | 1.800000e-02 | 1.000000e-01 |     NaN     NaN
0021  | 1.900000e-02 | 1.000000e-01 |     NaN     NaN
0022  | 2.000000e-02 | 1.000000e-01 |  0.0440  0.1100
0013  | 2.100000e-02 | 1.000000e-01 |  0.0190  0.0720
0014  | 2.200000e-02 | 1.000000e-01 |  0.0190  0.0730
0015  | 2.300000e-02 | 1.000000e-01 |  0.0190  0.0730
0016  | 2.400000e-02 | 1.000000e-01 |  0.0190  0.0730
0017  | 2.500000e-02 | 1.000000e-01 |  0.0190  0.0730
0018  | 2.600000e-02 | 1.000000e-01 |  0.0190  0.0740
0019  | 2.700000e-02 | 1.000000e-01 |  0.0190  0.0740
0020  | 2.800000e-02 | 1.000000e-01 |  0.0190  0.0740
0021  | 2.900000e-02 | 1.000000e-01 |  0.0200  0.0750
0007  | 3.000000e-02 | 1.000000e-01 |  0.0210  0.0620
0008  | 3.100000e-02 | 1.000000e-01 |  0.0210  0.0630
0009  | 3.200000e-02 | 1.000000e-01 |  0.0210  0.0630
0010  | 3.300000e-02 | 1.000000e-01 |  0.0210  0.0630
0011  | 3.400000e-02 | 1.000000e-01 |  0.0210  0.0640
0012  | 3.500000e-02 | 1.000000e-01 |  0.0210  0.0640
0011  | 1.000000e-03 | 1.500000e-01 |  0.0430  0.0770
0012  | 2.000000e-03 | 1.500000e-01 |  0.0430  0.0780
0013  | 3.000000e-03 | 1.500000e-01 |  0.0440  0.0780
0014  | 4.000000e-03 | 1.500000e-01 |  0.0440  0.0790
0015  | 5.000000e-03 | 1.500000e-01 |  0.0530  0.2230
0014  | 6.000000e-03 | 1.500000e-01 |  0.0390  0.0800
0015  | 7.000000e-03 | 1.500000e-01 |  0.0400  0.0800
0016  | 8.000000e-03 | 1.500000e-01 |  0.0400  0.0810
0017  | 9.000000e-03 | 1.500000e-01 |  0.0400  0.0810
0018  | 1.000000e-02 | 1.500000e-01 |  0.0410  0.0820
0024  | 1.100000e-02 | 1.500000e-01 |  0.0360  0.0770
0025  | 1.200000e-02 | 1.500000e-01 |  0.0360  0.0770
0026  | 1.300000e-02 | 1.500000e-01 |  0.0370  0.0780
0027  | 1.400000e-02 | 1.500000e-01 |  0.0370  0.0780
0028  | 1.500000e-02 | 1.500000e-01 |  0.0380  0.0790
0029  | 1.600000e-02 | 1.500000e-01 |  0.0380  0.0790
0030  | 1.700000e-02 | 1.500000e-01 |  0.0390  0.0800
0031  | 1.800000e-02 | 1.500000e-01 |  0.0390  0.0800
0032  | 1.900000e-02 | 1.500000e-01 |  0.0390  0.0810
0033  | 2.000000e-02 | 1.500000e-01 |     NaN     NaN
0024  | 2.100000e-02 | 1.500000e-01 |  0.0230  0.0820
0025  | 2.200000e-02 | 1.500000e-01 |  0.0230  0.0830
0026  | 2.300000e-02 | 1.500000e-01 |  0.0240  0.0830
0027  | 2.400000e-02 | 1.500000e-01 |  0.0250  0.0830
0028  | 2.500000e-02 | 1.500000e-01 |  0.0250  0.0840
0029  | 2.600000e-02 | 1.500000e-01 |  0.0260  0.0840
0030  | 2.700000e-02 | 1.500000e-01 |  0.0260  0.0850
0031  | 2.800000e-02 | 1.500000e-01 |  0.0270  0.0850
0032  | 2.900000e-02 | 1.500000e-01 |  0.0270  0.0860
0013  | 3.000000e-02 | 1.500000e-01 |     NaN     NaN
0014  | 3.100000e-02 | 1.500000e-01 |     NaN     NaN
0015  | 3.200000e-02 | 1.500000e-01 |     NaN     NaN
0016  | 3.300000e-02 | 1.500000e-01 |  0.0250  0.0680
0017  | 3.400000e-02 | 1.500000e-01 |  0.0260  0.0690
0018  | 3.500000e-02 | 1.500000e-01 |  0.0270  0.0690
0016  | 1.000000e-03 | 2.000000e-01 |  0.0550  0.0890
0017  | 2.000000e-03 | 2.000000e-01 |  0.0560  0.0890
0018  | 3.000000e-03 | 2.000000e-01 |  0.0570  0.0900
0019  | 4.000000e-03 | 2.000000e-01 |  0.0570  0.0910
0020  | 5.000000e-03 | 2.000000e-01 |  0.0580  0.0920
0020  | 6.000000e-03 | 2.000000e-01 |  0.0480  0.0900
0021  | 7.000000e-03 | 2.000000e-01 |  0.0490  0.0910
0022  | 8.000000e-03 | 2.000000e-01 |  0.0500  0.0920
0023  | 9.000000e-03 | 2.000000e-01 |  0.0510  0.0930
0024  | 1.000000e-02 | 2.000000e-01 |  0.0520  0.0940
0035  | 1.100000e-02 | 2.000000e-01 |     NaN     NaN
0036  | 1.200000e-02 | 2.000000e-01 |  0.0420  0.0870
0037  | 1.300000e-02 | 2.000000e-01 |  0.0430  0.0880
0038  | 1.400000e-02 | 2.000000e-01 |  0.0440  0.0880
0039  | 1.500000e-02 | 2.000000e-01 |  0.0450  0.0890
0040  | 1.600000e-02 | 2.000000e-01 |  0.0460  0.0900
0041  | 1.700000e-02 | 2.000000e-01 |  0.0470  0.0910
0042  | 1.800000e-02 | 2.000000e-01 |  0.0480  0.0920
0043  | 1.900000e-02 | 2.000000e-01 |  0.0490  0.0930
0044  | 2.000000e-02 | 2.000000e-01 |  0.0500  0.0950
0035  | 2.100000e-02 | 2.000000e-01 |  0.0290  0.1400
0036  | 2.200000e-02 | 2.000000e-01 |  0.0290  0.1410
0037  | 2.300000e-02 | 2.000000e-01 |  0.0290  0.1420
0038  | 2.400000e-02 | 2.000000e-01 |  0.0290  0.1420
0039  | 2.500000e-02 | 2.000000e-01 |     NaN     NaN
0040  | 2.600000e-02 | 2.000000e-01 |     NaN     NaN
0041  | 2.700000e-02 | 2.000000e-01 |     NaN     NaN
0042  | 2.800000e-02 | 2.000000e-01 |     NaN     NaN
0043  | 2.900000e-02 | 2.000000e-01 |     NaN     NaN
0019  | 3.000000e-02 | 2.000000e-01 |  0.0380  0.1270
0020  | 3.100000e-02 | 2.000000e-01 |  0.0380  0.1270
0021  | 3.200000e-02 | 2.000000e-01 |  0.0390  0.1280
0022  | 3.300000e-02 | 2.000000e-01 |  0.0390  0.1280
0023  | 3.400000e-02 | 2.000000e-01 |  0.0390  0.1290
0024  | 3.500000e-02 | 2.000000e-01 |  0.0400  0.1300
0021  | 1.000000e-03 | 2.500000e-01 |  0.0650  0.1040
0022  | 2.000000e-03 | 2.500000e-01 |  0.0660  0.1040
0023  | 3.000000e-03 | 2.500000e-01 |  0.0660  0.1060
0024  | 4.000000e-03 | 2.500000e-01 |  0.0680  0.1070
0025  | 5.000000e-03 | 2.500000e-01 |  0.0690  0.1080
0026  | 6.000000e-03 | 2.500000e-01 |     NaN     NaN
0027  | 7.000000e-03 | 2.500000e-01 |     NaN     NaN
0028  | 8.000000e-03 | 2.500000e-01 |     NaN     NaN
0029  | 9.000000e-03 | 2.500000e-01 |  0.0580  0.1080
0030  | 1.000000e-02 | 2.500000e-01 |  0.0590  0.1080
0046  | 1.100000e-02 | 2.500000e-01 |  0.0550  0.1480
0047  | 1.200000e-02 | 2.500000e-01 |  0.0550  0.1490
0048  | 1.300000e-02 | 2.500000e-01 |  0.0550  0.1500
0049  | 1.400000e-02 | 2.500000e-01 |     NaN     NaN
0050  | 1.500000e-02 | 2.500000e-01 |     NaN     NaN
0051  | 1.600000e-02 | 2.500000e-01 |     NaN     NaN
0052  | 1.700000e-02 | 2.500000e-01 |     NaN     NaN
0053  | 1.800000e-02 | 2.500000e-01 |     NaN     NaN
0054  | 1.900000e-02 | 2.500000e-01 |     NaN     NaN
0055  | 2.000000e-02 | 2.500000e-01 |  0.0540  0.1100
0046  | 2.100000e-02 | 2.500000e-01 |  0.0350  0.1520
0047  | 2.200000e-02 | 2.500000e-01 |  0.0360  0.1530
0048  | 2.300000e-02 | 2.500000e-01 |  0.0360  0.1530
0049  | 2.400000e-02 | 2.500000e-01 |  0.0370  0.1530
0050  | 2.500000e-02 | 2.500000e-01 |  0.0370  0.1540
0051  | 2.600000e-02 | 2.500000e-01 |  0.0370  0.1550
0052  | 2.700000e-02 | 2.500000e-01 |  0.0370  0.1560
0053  | 2.800000e-02 | 2.500000e-01 |  0.0380  0.1560
0054  | 2.900000e-02 | 2.500000e-01 |  0.0380  0.1570
0025  | 3.000000e-02 | 2.500000e-01 |     NaN     NaN
0026  | 3.100000e-02 | 2.500000e-01 |     NaN     NaN
0027  | 3.200000e-02 | 2.500000e-01 |     NaN     NaN
0028  | 3.300000e-02 | 2.500000e-01 |  0.0440  0.1370
0029  | 3.400000e-02 | 2.500000e-01 |  0.0450  0.1390
0030  | 3.500000e-02 | 2.500000e-01 |  0.0460  0.1400
0026  | 1.000000e-03 | 3.000000e-01 |  0.0760  0.1640
0027  | 2.000000e-03 | 3.000000e-01 |     NaN     NaN
0028  | 3.000000e-03 | 3.000000e-01 |     NaN     NaN
0029  | 4.000000e-03 | 3.000000e-01 |     NaN     NaN
0030  | 5.000000e-03 | 3.000000e-01 |  0.0750  0.1280
0032  | 6.000000e-03 | 3.000000e-01 |  0.0680  0.1670
0033  | 7.000000e-03 | 3.000000e-01 |  0.0690  0.1680
0034  | 8.000000e-03 | 3.000000e-01 |  0.0680  0.1700
0035  | 9.000000e-03 | 3.000000e-01 |  0.0680  0.1700
0036  | 1.000000e-02 | 3.000000e-01 |  0.0680  0.1720
0057  | 1.100000e-02 | 3.000000e-01 |  0.0630  0.1620
0058  | 1.200000e-02 | 3.000000e-01 |  0.0640  0.1630
0059  | 1.300000e-02 | 3.000000e-01 |  0.0640  0.1640
0060  | 1.400000e-02 | 3.000000e-01 |  0.0650  0.1650
0061  | 1.500000e-02 | 3.000000e-01 |  0.0650  0.1660
0062  | 1.600000e-02 | 3.000000e-01 |  0.0660  0.1680
0063  | 1.700000e-02 | 3.000000e-01 |  0.0660  0.1690
0064  | 1.800000e-02 | 3.000000e-01 |  0.0660  0.1700
0065  | 1.900000e-02 | 3.000000e-01 |  0.0650  0.1720
0066  | 2.000000e-02 | 3.000000e-01 |  0.0650  0.1740
0057  | 2.100000e-02 | 3.000000e-01 |  0.0470  0.2380
0058  | 2.200000e-02 | 3.000000e-01 |  0.0470  0.2390
0059  | 2.300000e-02 | 3.000000e-01 |  0.0470  0.2400
0060  | 2.400000e-02 | 3.000000e-01 |  0.0470  0.2410
0061  | 2.500000e-02 | 3.000000e-01 |  0.0480  0.2420
0062  | 2.600000e-02 | 3.000000e-01 |  0.0480  0.2430
0063  | 2.700000e-02 | 3.000000e-01 |     NaN     NaN
0064  | 2.800000e-02 | 3.000000e-01 |     NaN     NaN
0065  | 2.900000e-02 | 3.000000e-01 |     NaN     NaN
0031  | 3.000000e-02 | 3.000000e-01 |     NaN     NaN
0032  | 3.100000e-02 | 3.000000e-01 |     NaN     NaN
0033  | 3.200000e-02 | 3.000000e-01 |     NaN     NaN
0034  | 3.300000e-02 | 3.000000e-01 |     NaN     NaN
0035  | 3.400000e-02 | 3.000000e-01 |     NaN     NaN
0036  | 3.500000e-02 | 3.000000e-01 |     NaN     NaN
0031  | 1.000000e-03 | 3.500000e-01 |  0.0860  0.1810
0032  | 2.000000e-03 | 3.500000e-01 |  0.0860  0.1840
0033  | 3.000000e-03 | 3.500000e-01 |  0.0850  0.1850
0034  | 4.000000e-03 | 3.500000e-01 |  0.0850  0.1880
0035  | 5.000000e-03 | 3.500000e-01 |  0.0850  0.1890
0038  | 6.000000e-03 | 3.500000e-01 |  0.0770  0.1840
0039  | 7.000000e-03 | 3.500000e-01 |  0.0770  0.1860
0040  | 8.000000e-03 | 3.500000e-01 |  0.0780  0.1870
0041  | 9.000000e-03 | 3.500000e-01 |  0.0780  0.1890
0042  | 1.000000e-02 | 3.500000e-01 |  0.0780  0.1900
0068  | 1.100000e-02 | 3.500000e-01 |     NaN     NaN
0069  | 1.200000e-02 | 3.500000e-01 |     NaN     NaN
0070  | 1.300000e-02 | 3.500000e-01 |     NaN     NaN
0071  | 1.400000e-02 | 3.500000e-01 |     NaN     NaN
0072  | 1.500000e-02 | 3.500000e-01 |     NaN     NaN
0073  | 1.600000e-02 | 3.500000e-01 |  0.0740  0.1850
0074  | 1.700000e-02 | 3.500000e-01 |  0.0740  0.1870
0075  | 1.800000e-02 | 3.500000e-01 |  0.0740  0.1890
0076  | 1.900000e-02 | 3.500000e-01 |  0.0740  0.1910
0077  | 2.000000e-02 | 3.500000e-01 |  0.0740  0.1940
0068  | 2.100000e-02 | 3.500000e-01 |  0.0550  0.2500
0069  | 2.200000e-02 | 3.500000e-01 |  0.0560  0.2510
0070  | 2.300000e-02 | 3.500000e-01 |  0.0560  0.2520
0071  | 2.400000e-02 | 3.500000e-01 |  0.0570  0.2540
0072  | 2.500000e-02 | 3.500000e-01 |  0.0580  0.2540
0073  | 2.600000e-02 | 3.500000e-01 |  0.0580  0.2560
0074  | 2.700000e-02 | 3.500000e-01 |  0.0590  0.2570
0075  | 2.800000e-02 | 3.500000e-01 |  0.0600  0.2590
0076  | 2.900000e-02 | 3.500000e-01 |  0.0600  0.2600
0037  | 3.000000e-02 | 3.500000e-01 |  0.0580  0.2520
0038  | 3.100000e-02 | 3.500000e-01 |  0.0580  0.2530
0039  | 3.200000e-02 | 3.500000e-01 |  0.0590  0.2540
0040  | 3.300000e-02 | 3.500000e-01 |  0.0600  0.2560
0041  | 3.400000e-02 | 3.500000e-01 |  0.0610  0.2570
0042  | 3.500000e-02 | 3.500000e-01 |  0.0610  0.2590
0036  | 1.000000e-03 | 4.000000e-01 |  0.0960  0.2010
0037  | 2.000000e-03 | 4.000000e-01 |  0.0950  0.2040
0038  | 3.000000e-03 | 4.000000e-01 |  0.0940  0.2060
0039  | 4.000000e-03 | 4.000000e-01 |  0.0930  0.2080
0040  | 5.000000e-03 | 4.000000e-01 |  0.0930  0.2110
0044  | 6.000000e-03 | 4.000000e-01 |  0.0840  0.2040
0045  | 7.000000e-03 | 4.000000e-01 |  0.0850  0.2050
0046  | 8.000000e-03 | 4.000000e-01 |  0.0850  0.2070
0047  | 9.000000e-03 | 4.000000e-01 |  0.0860  0.2080
0048  | 1.000000e-02 | 4.000000e-01 |  0.0860  0.2110
0079  | 1.100000e-02 | 4.000000e-01 |  0.0780  0.2770
0080  | 1.200000e-02 | 4.000000e-01 |     NaN     NaN
0081  | 1.300000e-02 | 4.000000e-01 |     NaN     NaN
0082  | 1.400000e-02 | 4.000000e-01 |     NaN     NaN
0083  | 1.500000e-02 | 4.000000e-01 |     NaN     NaN
0084  | 1.600000e-02 | 4.000000e-01 |     NaN     NaN
0085  | 1.700000e-02 | 4.000000e-01 |     NaN     NaN
0086  | 1.800000e-02 | 4.000000e-01 |     NaN     NaN
0087  | 1.900000e-02 | 4.000000e-01 |     NaN     NaN
0088  | 2.000000e-02 | 4.000000e-01 |     NaN     NaN
0079  | 2.100000e-02 | 4.000000e-01 |  0.0560  0.2600
0080  | 2.200000e-02 | 4.000000e-01 |  0.0580  0.2610
0081  | 2.300000e-02 | 4.000000e-01 |  0.0590  0.2620
0082  | 2.400000e-02 | 4.000000e-01 |  0.0590  0.2650
0083  | 2.500000e-02 | 4.000000e-01 |  0.0620  0.2670
0084  | 2.600000e-02 | 4.000000e-01 |  0.0630  0.2670
0085  | 2.700000e-02 | 4.000000e-01 |  0.0630  0.2690
0086  | 2.800000e-02 | 4.000000e-01 |  0.0650  0.2720
0087  | 2.900000e-02 | 4.000000e-01 |  0.0670  0.2730
0043  | 3.000000e-02 | 4.000000e-01 |  0.0600  0.2600
0044  | 3.100000e-02 | 4.000000e-01 |  0.0610  0.2620
0045  | 3.200000e-02 | 4.000000e-01 |  0.0620  0.2640
0046  | 3.300000e-02 | 4.000000e-01 |  0.0630  0.2650
0047  | 3.400000e-02 | 4.000000e-01 |  0.0650  0.2670
0048  | 3.500000e-02 | 4.000000e-01 |  0.0660  0.2690
0041  | 1.000000e-03 | 4.500000e-01 |  0.1050  0.2260
0042  | 2.000000e-03 | 4.500000e-01 |  0.1030  0.2280
0043  | 3.000000e-03 | 4.500000e-01 |  0.1020  0.2300
0044  | 4.000000e-03 | 4.500000e-01 |  0.1010  0.2320
0045  | 5.000000e-03 | 4.500000e-01 |  0.1000  0.2350
0050  | 6.000000e-03 | 4.500000e-01 |     NaN     NaN
0051  | 7.000000e-03 | 4.500000e-01 |     NaN     NaN
0052  | 8.000000e-03 | 4.500000e-01 |     NaN     NaN
0053  | 9.000000e-03 | 4.500000e-01 |     NaN     NaN
0054  | 1.000000e-02 | 4.500000e-01 |     NaN     NaN
0090  | 1.100000e-02 | 4.500000e-01 |  0.0830  0.2890
0091  | 1.200000e-02 | 4.500000e-01 |  0.0850  0.2900
0092  | 1.300000e-02 | 4.500000e-01 |  0.0860  0.2910
0093  | 1.400000e-02 | 4.500000e-01 |  0.0870  0.2930
0094  | 1.500000e-02 | 4.500000e-01 |  0.0890  0.2960
0095  | 1.600000e-02 | 4.500000e-01 |  0.0890  0.2980
0096  | 1.700000e-02 | 4.500000e-01 |  0.0910  0.2990
0097  | 1.800000e-02 | 4.500000e-01 |  0.0920  0.3030
0098  | 1.900000e-02 | 4.500000e-01 |  0.0920  0.3050
0099  | 2.000000e-02 | 4.500000e-01 |  0.0940  0.3080
0090  | 2.100000e-02 | 4.500000e-01 |     NaN     NaN
0091  | 2.200000e-02 | 4.500000e-01 |  0.0550  0.2690
0092  | 2.300000e-02 | 4.500000e-01 |  0.0570  0.2710
0093  | 2.400000e-02 | 4.500000e-01 |  0.0590  0.2730
0094  | 2.500000e-02 | 4.500000e-01 |  0.0610  0.2760
0095  | 2.600000e-02 | 4.500000e-01 |  0.0630  0.2780
0096  | 2.700000e-02 | 4.500000e-01 |  0.0650  0.2800
0097  | 2.800000e-02 | 4.500000e-01 |  0.0680  0.2820
0098  | 2.900000e-02 | 4.500000e-01 |  0.0700  0.2850
0049  | 3.000000e-02 | 4.500000e-01 |  0.0580  0.2660
0050  | 3.100000e-02 | 4.500000e-01 |  0.0600  0.2680
0051  | 3.200000e-02 | 4.500000e-01 |  0.0620  0.2710
0052  | 3.300000e-02 | 4.500000e-01 |  0.0640  0.2730
0053  | 3.400000e-02 | 4.500000e-01 |  0.0670  0.2760
0054  | 3.500000e-02 | 4.500000e-01 |  0.0690  0.2790
0046  | 1.000000e-03 | 5.000000e-01 |  0.1090  0.2610
0047  | 2.000000e-03 | 5.000000e-01 |  0.1070  0.2590
0048  | 3.000000e-03 | 5.000000e-01 |  0.1050  0.2590
0049  | 4.000000e-03 | 5.000000e-01 |     NaN     NaN
0050  | 5.000000e-03 | 5.000000e-01 |     NaN     NaN
0056  | 6.000000e-03 | 5.000000e-01 |     NaN     NaN
0057  | 7.000000e-03 | 5.000000e-01 |     NaN     NaN
0058  | 8.000000e-03 | 5.000000e-01 |  0.0970  0.3110
0059  | 9.000000e-03 | 5.000000e-01 |  0.0980  0.3130
0060  | 1.000000e-02 | 5.000000e-01 |  0.1010  0.3170
0101  | 1.100000e-02 | 5.000000e-01 |  0.0840  0.2960
0102  | 1.200000e-02 | 5.000000e-01 |  0.0880  0.3000
0103  | 1.300000e-02 | 5.000000e-01 |  0.0890  0.3020
0104  | 1.400000e-02 | 5.000000e-01 |  0.0920  0.3040
0105  | 1.500000e-02 | 5.000000e-01 |  0.0940  0.3070
0106  | 1.600000e-02 | 5.000000e-01 |  0.0960  0.3110
0107  | 1.700000e-02 | 5.000000e-01 |  0.0990  0.3140
0108  | 1.800000e-02 | 5.000000e-01 |  0.1000  0.3180
0109  | 1.900000e-02 | 5.000000e-01 |  0.1020  0.3220
0110  | 2.000000e-02 | 5.000000e-01 |  0.1030  0.3260
0101  | 2.100000e-02 | 5.000000e-01 |     NaN     NaN
0102  | 2.200000e-02 | 5.000000e-01 |     NaN     NaN
0103  | 2.300000e-02 | 5.000000e-01 |  0.0600  0.2760
0104  | 2.400000e-02 | 5.000000e-01 |  0.0620  0.2790
0105  | 2.500000e-02 | 5.000000e-01 |  0.0660  0.2810
0106  | 2.600000e-02 | 5.000000e-01 |  0.0680  0.2840
0107  | 2.700000e-02 | 5.000000e-01 |  0.0710  0.2870
0108  | 2.800000e-02 | 5.000000e-01 |  0.0740  0.2900
0109  | 2.900000e-02 | 5.000000e-01 |  0.0770  0.2940
0055  | 3.000000e-02 | 5.000000e-01 |     NaN     NaN
0056  | 3.100000e-02 | 5.000000e-01 |     NaN     NaN
0057  | 3.200000e-02 | 5.000000e-01 |  0.0630  0.2790
0058  | 3.300000e-02 | 5.000000e-01 |  0.0660  0.2820
0059  | 3.400000e-02 | 5.000000e-01 |  0.0690  0.2850
0060  | 3.500000e-02 | 5.000000e-01 |  0.0730  0.2890
0051  | 1.000000e-03 | 5.500000e-01 |  0.1290  0.2970
0052  | 2.000000e-03 | 5.500000e-01 |  0.1220  0.3020
0053  | 3.000000e-03 | 5.500000e-01 |  0.1130  0.3100
0054  | 4.000000e-03 | 5.500000e-01 |  0.1140  0.3250
0055  | 5.000000e-03 | 5.500000e-01 |  0.1160  0.3310
0062  | 6.000000e-03 | 5.500000e-01 |  0.1090  0.3020
0063  | 7.000000e-03 | 5.500000e-01 |  0.1060  0.3090
0064  | 8.000000e-03 | 5.500000e-01 |  0.1040  0.3200
0065  | 9.000000e-03 | 5.500000e-01 |  0.1090  0.3260
0066  | 1.000000e-02 | 5.500000e-01 |  0.1110  0.3310
0112  | 1.100000e-02 | 5.500000e-01 |  0.0970  0.2960
0113  | 1.200000e-02 | 5.500000e-01 |  0.0960  0.3020
0114  | 1.300000e-02 | 5.500000e-01 |  0.0980  0.3090
0115  | 1.400000e-02 | 5.500000e-01 |  0.1010  0.3150
0116  | 1.500000e-02 | 5.500000e-01 |  0.1030  0.3200
0117  | 1.600000e-02 | 5.500000e-01 |  0.1050  0.3240
0118  | 1.700000e-02 | 5.500000e-01 |  0.1070  0.3280
0119  | 1.800000e-02 | 5.500000e-01 |  0.1080  0.3330
0120  | 1.900000e-02 | 5.500000e-01 |  0.1090  0.3390
0121  | 2.000000e-02 | 5.500000e-01 |  0.1100  0.3450
0112  | 2.100000e-02 | 5.500000e-01 |  0.0710  0.2910
0113  | 2.200000e-02 | 5.500000e-01 |  0.0730  0.2910
0114  | 2.300000e-02 | 5.500000e-01 |  0.0740  0.2920
0115  | 2.400000e-02 | 5.500000e-01 |  0.0760  0.2930
0116  | 2.500000e-02 | 5.500000e-01 |  0.0780  0.2950
0117  | 2.600000e-02 | 5.500000e-01 |  0.0810  0.2980
0118  | 2.700000e-02 | 5.500000e-01 |  0.0830  0.3000
0119  | 2.800000e-02 | 5.500000e-01 |  0.0860  0.3040
0120  | 2.900000e-02 | 5.500000e-01 |  0.0880  0.3070
0061  | 3.000000e-02 | 5.500000e-01 |  0.0640  0.2950
0062  | 3.100000e-02 | 5.500000e-01 |  0.0670  0.2950
0063  | 3.200000e-02 | 5.500000e-01 |  0.0700  0.2970
0064  | 3.300000e-02 | 5.500000e-01 |  0.0730  0.2990
0065  | 3.400000e-02 | 5.500000e-01 |  0.0770  0.3020
0066  | 3.500000e-02 | 5.500000e-01 |  0.0810  0.3060
0056  | 1.000000e-03 | 6.000000e-01 |  0.1430  0.3250
0057  | 2.000000e-03 | 6.000000e-01 |  0.1380  0.3310
0058  | 3.000000e-03 | 6.000000e-01 |  0.1340  0.3380
0059  | 4.000000e-03 | 6.000000e-01 |  0.1310  0.3450
0060  | 5.000000e-03 | 6.000000e-01 |  0.1300  0.3520
0068  | 6.000000e-03 | 6.000000e-01 |  0.1260  0.3270
0069  | 7.000000e-03 | 6.000000e-01 |  0.1250  0.3320
0070  | 8.000000e-03 | 6.000000e-01 |  0.1240  0.3370
0071  | 9.000000e-03 | 6.000000e-01 |  0.1230  0.3430
0072  | 1.000000e-02 | 6.000000e-01 |  0.1230  0.3480
0123  | 1.100000e-02 | 6.000000e-01 |  0.1140  0.3180
0124  | 1.200000e-02 | 6.000000e-01 |  0.1140  0.3220
0125  | 1.300000e-02 | 6.000000e-01 |  0.1150  0.3260
0126  | 1.400000e-02 | 6.000000e-01 |  0.1150  0.3310
0127  | 1.500000e-02 | 6.000000e-01 |  0.1160  0.3360
0128  | 1.600000e-02 | 6.000000e-01 |  0.1170  0.3410
0129  | 1.700000e-02 | 6.000000e-01 |  0.1180  0.3460
0130  | 1.800000e-02 | 6.000000e-01 |  0.1190  0.3510
0131  | 1.900000e-02 | 6.000000e-01 |  0.1190  0.3580
0132  | 2.000000e-02 | 6.000000e-01 |  0.1190  0.3640
0123  | 2.100000e-02 | 6.000000e-01 |  0.0840  0.3060
0124  | 2.200000e-02 | 6.000000e-01 |  0.0860  0.3080
0125  | 2.300000e-02 | 6.000000e-01 |  0.0880  0.3090
0126  | 2.400000e-02 | 6.000000e-01 |  0.0900  0.3110
0127  | 2.500000e-02 | 6.000000e-01 |  0.0920  0.3120
0128  | 2.600000e-02 | 6.000000e-01 |  0.0940  0.3150
0129  | 2.700000e-02 | 6.000000e-01 |  0.0960  0.3170
0130  | 2.800000e-02 | 6.000000e-01 |  0.0990  0.3200
0131  | 2.900000e-02 | 6.000000e-01 |  0.1010  0.3240
0067  | 3.000000e-02 | 6.000000e-01 |  0.0790  0.3100
0068  | 3.100000e-02 | 6.000000e-01 |  0.0810  0.3120
0069  | 3.200000e-02 | 6.000000e-01 |  0.0840  0.3140
0070  | 3.300000e-02 | 6.000000e-01 |  0.0860  0.3160
0071  | 3.400000e-02 | 6.000000e-01 |  0.0890  0.3200
0072  | 3.500000e-02 | 6.000000e-01 |  0.0920  0.3240
0061  | 1.000000e-03 | 6.500000e-01 |  0.1540  0.3530
0062  | 2.000000e-03 | 6.500000e-01 |  0.1500  0.3590
0063  | 3.000000e-03 | 6.500000e-01 |  0.1480  0.3650
0064  | 4.000000e-03 | 6.500000e-01 |  0.1460  0.3700
0065  | 5.000000e-03 | 6.500000e-01 |  0.1440  0.3760
0074  | 6.000000e-03 | 6.500000e-01 |  0.1390  0.3530
0075  | 7.000000e-03 | 6.500000e-01 |  0.1380  0.3560
0076  | 8.000000e-03 | 6.500000e-01 |  0.1380  0.3600
0077  | 9.000000e-03 | 6.500000e-01 |  0.1370  0.3650
0078  | 1.000000e-02 | 6.500000e-01 |  0.1360  0.3690
0134  | 1.100000e-02 | 6.500000e-01 |  0.1280  0.3410
0135  | 1.200000e-02 | 6.500000e-01 |  0.1280  0.3440
0136  | 1.300000e-02 | 6.500000e-01 |  0.1280  0.3480
0137  | 1.400000e-02 | 6.500000e-01 |  0.1290  0.3510
0138  | 1.500000e-02 | 6.500000e-01 |  0.1290  0.3560
0139  | 1.600000e-02 | 6.500000e-01 |  0.1290  0.3600
0140  | 1.700000e-02 | 6.500000e-01 |  0.1290  0.3650
0141  | 1.800000e-02 | 6.500000e-01 |  0.1290  0.3710
0142  | 1.900000e-02 | 6.500000e-01 |  0.1290  0.3770
0143  | 2.000000e-02 | 6.500000e-01 |  0.1280  0.3830
0134  | 2.100000e-02 | 6.500000e-01 |  0.0940  0.3220
0135  | 2.200000e-02 | 6.500000e-01 |  0.0960  0.3240
0136  | 2.300000e-02 | 6.500000e-01 |  0.0980  0.3250
0137  | 2.400000e-02 | 6.500000e-01 |  0.1000  0.3270
0138  | 2.500000e-02 | 6.500000e-01 |  0.1020  0.3290
0139  | 2.600000e-02 | 6.500000e-01 |  0.1050  0.3310
0140  | 2.700000e-02 | 6.500000e-01 |  0.1070  0.3340
0141  | 2.800000e-02 | 6.500000e-01 |  0.1090  0.3370
0142  | 2.900000e-02 | 6.500000e-01 |  0.1110  0.3410
0073  | 3.000000e-02 | 6.500000e-01 |  0.0880  0.3250
0074  | 3.100000e-02 | 6.500000e-01 |  0.0900  0.3270
0075  | 3.200000e-02 | 6.500000e-01 |  0.0930  0.3290
0076  | 3.300000e-02 | 6.500000e-01 |  0.0960  0.3320
0077  | 3.400000e-02 | 6.500000e-01 |  0.0980  0.3360
0078  | 3.500000e-02 | 6.500000e-01 |  0.1010  0.3400
0066  | 1.000000e-03 | 7.000000e-01 |  0.1640  0.3800
0067  | 2.000000e-03 | 7.000000e-01 |  0.1610  0.3850
0068  | 3.000000e-03 | 7.000000e-01 |  0.1580  0.3900
0069  | 4.000000e-03 | 7.000000e-01 |  0.1560  0.3940
0070  | 5.000000e-03 | 7.000000e-01 |  0.1540  0.3990
0080  | 6.000000e-03 | 7.000000e-01 |  0.1510  0.3760
0081  | 7.000000e-03 | 7.000000e-01 |  0.1500  0.3800
0082  | 8.000000e-03 | 7.000000e-01 |  0.1490  0.3830
0083  | 9.000000e-03 | 7.000000e-01 |  0.1480  0.3870
0084  | 1.000000e-02 | 7.000000e-01 |  0.1460  0.3910
0145  | 1.100000e-02 | 7.000000e-01 |  0.1400  0.3620
0146  | 1.200000e-02 | 7.000000e-01 |  0.1400  0.3650
0147  | 1.300000e-02 | 7.000000e-01 |  0.1400  0.3680
0148  | 1.400000e-02 | 7.000000e-01 |  0.1400  0.3720
0149  | 1.500000e-02 | 7.000000e-01 |  0.1390  0.3760
0150  | 1.600000e-02 | 7.000000e-01 |  0.1390  0.3800
0151  | 1.700000e-02 | 7.000000e-01 |  0.1380  0.3850
0152  | 1.800000e-02 | 7.000000e-01 |  0.1370  0.3900
0153  | 1.900000e-02 | 7.000000e-01 |  0.1360  0.3950
0154  | 2.000000e-02 | 7.000000e-01 |  0.1340  0.4010
0145  | 2.100000e-02 | 7.000000e-01 |  0.1010  0.3400
0146  | 2.200000e-02 | 7.000000e-01 |  0.1030  0.3400
0147  | 2.300000e-02 | 7.000000e-01 |  0.1060  0.3420
0148  | 2.400000e-02 | 7.000000e-01 |  0.1080  0.3440
0149  | 2.500000e-02 | 7.000000e-01 |  0.1100  0.3460
0150  | 2.600000e-02 | 7.000000e-01 |  0.1120  0.3480
0151  | 2.700000e-02 | 7.000000e-01 |  0.1150  0.3510
0152  | 2.800000e-02 | 7.000000e-01 |  0.1160  0.3550
0153  | 2.900000e-02 | 7.000000e-01 |  0.1180  0.3590
0079  | 3.000000e-02 | 7.000000e-01 |  0.0940  0.3410
0080  | 3.100000e-02 | 7.000000e-01 |  0.0970  0.3430
0081  | 3.200000e-02 | 7.000000e-01 |  0.0990  0.3460
0082  | 3.300000e-02 | 7.000000e-01 |  0.1020  0.3490
0083  | 3.400000e-02 | 7.000000e-01 |  0.1050  0.3520
0084  | 3.500000e-02 | 7.000000e-01 |  0.1070  0.3570
0071  | 1.000000e-03 | 7.500000e-01 |  0.1720  0.4060
0072  | 2.000000e-03 | 7.500000e-01 |  0.1690  0.4090
0073  | 3.000000e-03 | 7.500000e-01 |  0.1660  0.4130
0074  | 4.000000e-03 | 7.500000e-01 |  0.1630  0.4170
0075  | 5.000000e-03 | 7.500000e-01 |  0.1600  0.4210
0086  | 6.000000e-03 | 7.500000e-01 |  0.1600  0.3990
0087  | 7.000000e-03 | 7.500000e-01 |  0.1590  0.4020
0088  | 8.000000e-03 | 7.500000e-01 |  0.1570  0.4050
0089  | 9.000000e-03 | 7.500000e-01 |  0.1560  0.4080
0090  | 1.000000e-02 | 7.500000e-01 |  0.1540  0.4120
0156  | 1.100000e-02 | 7.500000e-01 |  0.1490  0.3820
0157  | 1.200000e-02 | 7.500000e-01 |  0.1490  0.3850
0158  | 1.300000e-02 | 7.500000e-01 |  0.1490  0.3880
0159  | 1.400000e-02 | 7.500000e-01 |  0.1480  0.3910
0160  | 1.500000e-02 | 7.500000e-01 |  0.1470  0.3950
0161  | 1.600000e-02 | 7.500000e-01 |  0.1470  0.3990
0162  | 1.700000e-02 | 7.500000e-01 |  0.1450  0.4030
0163  | 1.800000e-02 | 7.500000e-01 |  0.1440  0.4080
0164  | 1.900000e-02 | 7.500000e-01 |  0.1420  0.4130
0165  | 2.000000e-02 | 7.500000e-01 |  0.1400  0.4190
0156  | 2.100000e-02 | 7.500000e-01 |  0.1070  0.3580
0157  | 2.200000e-02 | 7.500000e-01 |  0.1090  0.3590
0158  | 2.300000e-02 | 7.500000e-01 |  0.1120  0.3610
0159  | 2.400000e-02 | 7.500000e-01 |  0.1140  0.3620
0160  | 2.500000e-02 | 7.500000e-01 |  0.1160  0.3640
0161  | 2.600000e-02 | 7.500000e-01 |  0.1180  0.3670
0162  | 2.700000e-02 | 7.500000e-01 |  0.1200  0.3690
0163  | 2.800000e-02 | 7.500000e-01 |  0.1220  0.3730
0164  | 2.900000e-02 | 7.500000e-01 |  0.1240  0.3760
0085  | 3.000000e-02 | 7.500000e-01 |  0.0990  0.3590
0086  | 3.100000e-02 | 7.500000e-01 |  0.1020  0.3610
0087  | 3.200000e-02 | 7.500000e-01 |  0.1050  0.3640
0088  | 3.300000e-02 | 7.500000e-01 |  0.1070  0.3660
0089  | 3.400000e-02 | 7.500000e-01 |  0.1100  0.3700
0090  | 3.500000e-02 | 7.500000e-01 |  0.1120  0.3740
0076  | 1.000000e-03 | 8.000000e-01 |  0.1770  0.4300
0077  | 2.000000e-03 | 8.000000e-01 |  0.1740  0.4330
0078  | 3.000000e-03 | 8.000000e-01 |  0.1700  0.4360
0079  | 4.000000e-03 | 8.000000e-01 |  0.1670  0.4390
0080  | 5.000000e-03 | 8.000000e-01 |  0.1640  0.4420
0092  | 6.000000e-03 | 8.000000e-01 |  0.1670  0.4200
0093  | 7.000000e-03 | 8.000000e-01 |  0.1650  0.4230
0094  | 8.000000e-03 | 8.000000e-01 |  0.1630  0.4260
0095  | 9.000000e-03 | 8.000000e-01 |  0.1620  0.4280
0096  | 1.000000e-02 | 8.000000e-01 |  0.1600  0.4320
0167  | 1.100000e-02 | 8.000000e-01 |  0.1560  0.4020
0168  | 1.200000e-02 | 8.000000e-01 |  0.1560  0.4050
0169  | 1.300000e-02 | 8.000000e-01 |  0.1550  0.4080
0170  | 1.400000e-02 | 8.000000e-01 |  0.1550  0.4110
0171  | 1.500000e-02 | 8.000000e-01 |  0.1540  0.4140
0172  | 1.600000e-02 | 8.000000e-01 |  0.1520  0.4180
0173  | 1.700000e-02 | 8.000000e-01 |  0.1510  0.4210
0174  | 1.800000e-02 | 8.000000e-01 |  0.1490  0.4260
0175  | 1.900000e-02 | 8.000000e-01 |  0.1460  0.4300
0176  | 2.000000e-02 | 8.000000e-01 |  0.1430  0.4350
0167  | 2.100000e-02 | 8.000000e-01 |  0.1140  0.3770
0168  | 2.200000e-02 | 8.000000e-01 |  0.1160  0.3780
0169  | 2.300000e-02 | 8.000000e-01 |  0.1180  0.3800
0170  | 2.400000e-02 | 8.000000e-01 |  0.1200  0.3810
0171  | 2.500000e-02 | 8.000000e-01 |  0.1220  0.3830
0172  | 2.600000e-02 | 8.000000e-01 |  0.1240  0.3860
0173  | 2.700000e-02 | 8.000000e-01 |  0.1260  0.3880
0174  | 2.800000e-02 | 8.000000e-01 |  0.1270  0.3910
0175  | 2.900000e-02 | 8.000000e-01 |  0.1280  0.3950
0091  | 3.000000e-02 | 8.000000e-01 |  0.1040  0.3780
0092  | 3.100000e-02 | 8.000000e-01 |  0.1070  0.3800
0093  | 3.200000e-02 | 8.000000e-01 |  0.1090  0.3820
0094  | 3.300000e-02 | 8.000000e-01 |  0.1120  0.3850
0095  | 3.400000e-02 | 8.000000e-01 |  0.1140  0.3880
0096  | 3.500000e-02 | 8.000000e-01 |  0.1160  0.3920
