# CREATED BY GENE DIAGNOSTICS TOOL on Mon Feb 21 16:46:43 2022
# diag: fluxspectra, run(s): 1-dat, time window: 800-1760.8288(27 steps), species: i
# original data path: /marconi_scratch/userexternal/pmulholl/p02/
# normalization: L_ref=1.65m
#
#  ky         G_es,p      Q_es,p      G_em,p      Q_em,p    
  0.0000E+00  0.0000E+00  0.0000E+00  0.0000E+00  0.0000E+00
  4.0000E-02  3.9205E-04  1.8430E-02  5.0240E-06  4.3724E-06
  8.0000E-02  4.9297E-03  2.2550E-01  1.7467E-05  2.0779E-05
  1.2000E-01  3.9545E-03  1.8427E-01  1.1340E-05  3.0348E-05
  1.6000E-01  6.6144E-03  2.5224E-01  1.2151E-05  3.3092E-05
  2.0000E-01  6.9697E-03  2.5190E-01  1.2584E-05  3.7118E-05
  2.4000E-01  8.1025E-03  2.4913E-01  1.2890E-05  4.0798E-05
  2.8000E-01  7.8773E-03  2.2654E-01  8.1219E-06  2.4428E-05
  3.2000E-01  8.2514E-03  2.1414E-01  5.5767E-06  1.3826E-05
  3.6000E-01  8.3159E-03  2.1006E-01  3.9353E-06  7.4697E-06
  4.0000E-01  8.8252E-03  2.0762E-01  3.2415E-06  5.8990E-06
  4.4000E-01  8.7959E-03  1.9110E-01  1.5916E-06 -6.3268E-07
  4.8000E-01  8.0619E-03  1.6470E-01  4.3417E-07 -4.4988E-06
  5.2000E-01  8.0129E-03  1.5148E-01 -3.7137E-07 -5.3738E-06
  5.6000E-01  7.3271E-03  1.2827E-01 -1.2788E-07 -4.9482E-06
  6.0000E-01  6.2010E-03  1.0188E-01 -2.0786E-07 -4.5819E-06
  6.4000E-01  5.9318E-03  8.5580E-02 -3.6034E-08 -3.3540E-06
  6.8000E-01  4.9398E-03  6.7850E-02 -2.5085E-08 -2.1639E-06
  7.2000E-01  4.9242E-03  6.1646E-02 -6.4339E-08 -2.5984E-06
  7.6000E-01  4.2765E-03  4.9198E-02 -1.6321E-07 -2.2595E-06
  8.0000E-01  3.8959E-03  4.2848E-02 -4.0528E-08 -1.5034E-06
  8.4000E-01  3.6449E-03  3.7304E-02 -8.6661E-09 -1.1892E-06
  8.8000E-01  3.3350E-03  3.2286E-02  5.1972E-08 -5.7512E-07
  9.2000E-01  3.1295E-03  2.9288E-02  1.2292E-07 -4.0600E-07
  9.6000E-01  3.1508E-03  2.6250E-02  1.1550E-07 -4.9102E-07
  1.0000E+00  3.0749E-03  2.4645E-02  3.5578E-08 -6.7239E-07
  1.0400E+00  2.6155E-03  2.1707E-02  1.6255E-08 -5.2298E-07
  1.0800E+00  2.5584E-03  1.9869E-02  2.8519E-08 -4.9187E-07
  1.1200E+00  2.5462E-03  1.8716E-02  4.2192E-08 -4.6244E-07
  1.1600E+00  2.2330E-03  1.6546E-02  4.5235E-08 -1.4678E-07
  1.2000E+00  2.1441E-03  1.5722E-02  4.8763E-09 -2.2149E-07
  1.2400E+00  2.0783E-03  1.3990E-02  7.5613E-09 -1.6262E-07
