0001  | 1.000000e-03 |  0.0150 -0.0150
0002  | 1.000000e-02 |  0.0200 -0.0260
0003  | 2.000000e-02 |  0.0100  0.0090
0004  | 3.000000e-02 |  0.0060  0.0320 
0005  | 4.000000e-02 |  0.0090  0.0590
0006  | 5.000000e-02 |  0.0140  0.0650
0007  | 6.000000e-02 |  0.0190  0.0660
0008  | 7.000000e-02 |  0.0240  0.0660
0009  | 8.000000e-02 |  0.0290  0.0670
0010  | 9.000000e-02 |  0.0330  0.0690
0011  | 1.000000e-01 |  0.0370  0.0700
0012  | 1.200000e-01 |  0.0450  0.0740
0013  | 1.400000e-01 |  0.0510  0.0790
0014  | 1.600000e-01 |  0.0560  0.0830
0015  | 1.800000e-01 |  0.0610  0.0890
0016  | 2.000000e-01 |  0.0640  0.0960
0002  | 2.100000e-01 |  0.0660  0.0990
0003  | 2.200000e-01 |  0.0650  0.1060
0004  | 2.300000e-01 |  0.0630  0.1370
0005  | 2.400000e-01 |  0.0690  0.1840
0006  | 2.500000e-01 |  0.0730  0.2210 
0007  | 2.600000e-01 |  0.0790  0.2420
0008  | 2.700000e-01 |  0.0840  0.2500
0009  | 2.800000e-01 |  0.0890  0.2590
0010  | 2.900000e-01 |  0.0930  0.2630
0011  | 3.000000e-01 |  0.0940  0.2660
0012  | 3.100000e-01 |  0.0980  0.2700
0013  | 3.200000e-01 |  0.1010  0.2740
0014  | 3.300000e-01 |  0.1010  0.2790
0015  | 3.400000e-01 |  0.1030  0.2770
0016  | 3.500000e-01 |  0.1060  0.2810
0017  | 3.600000e-01 |  0.1100  0.2840
0018  | 3.700000e-01 |  0.1130  0.2890
0019  | 3.800000e-01 |  0.1150  0.2930
0020  | 3.900000e-01 |  0.1170  0.2970
0021  | 4.000000e-01 |  0.1200  0.3020
