0001  | 1.000000e-03 |  0.0090 -0.0150
0002  | 1.000000e-02 |  0.0020 -0.0220
0003  | 2.000000e-02 |  0.0020  0.0100
0004  | 3.000000e-02 |  0.0030  0.0120
0005  | 4.000000e-02 |  0.0040  0.0280
0006  | 5.000000e-02 |  0.0050  0.0510
0000  | 6.000000e-02 |  0.0080  0.0640
0008  | 7.000000e-02 |  0.0120  0.0650
0009  | 8.000000e-02 |  0.0160  0.0660
0010  | 9.000000e-02 |  0.0190  0.0660
0007  | 1.000000e-01 |  0.0220  0.0670
0012  | 1.200000e-01 |  0.0280  0.0690
0013  | 1.400000e-01 |  0.0340  0.0720
0014  | 1.600000e-01 |  0.0390  0.0750
0015  | 1.800000e-01 |  0.0430  0.0790
0008  | 2.000000e-01 |  0.0470  0.0830
0009  | 3.000000e-01 |  0.0530  0.1370
0010  | 4.000000e-01 |  0.0650  0.2110
0011  | 5.000000e-01 |  0.0820  0.2950
0012  | 6.000000e-01 |  0.0900  0.3490
0013  | 7.000000e-01 |  0.1090  0.3980
0014  | 8.000000e-01 |  0.1080  0.4400
0015  | 9.000000e-01 |  0.0950  0.4810
