0001  | 1.000000e-03 |  0.0230 -0.0090
0002  | 1.000000e-02 |  0.1300  0.0250
0003  | 2.000000e-02 |  0.1370  0.0450
0004  | 3.000000e-02 |  0.1320  0.0670
0005  | 4.000000e-02 |  0.1230  0.0900
0006  | 5.000000e-02 |  0.1080  0.1160
0007  | 1.000000e-01 |  0.0230  0.0390
0008  | 2.000000e-01 |  0.0700  0.0270
0009  | 3.000000e-01 |  0.0910  0.0370
0010  | 4.000000e-01 |  0.1190 -0.0580
0011  | 5.000000e-01 |  0.1420 -0.0870
0012  | 6.000000e-01 |  0.1650  0.1870
0013  | 7.000000e-01 |  0.1810  0.2300
0014  | 8.000000e-01 |  0.1900  0.2760
0015  | 9.000000e-01 |  0.1930  0.3250
