#Run  | kymin     1  /Eigenvalue1            
0001  | 1.000000e-03 |  0.0100 -0.0080
0002  | 1.000000e-02 |  0.0370 -0.0110
0003  | 2.000000e-02 |  0.0320  0.0110
0004  | 3.000000e-02 |  0.0280  0.0270
0005  | 4.000000e-02 |  0.0210  0.0390
0006  | 5.000000e-02 |     NaN     NaN
0007  | 1.000000e-01 |     NaN     NaN
0008  | 2.000000e-01 |  0.0470  0.0830
0009  | 3.000000e-01 |     NaN     NaN
0010  | 4.000000e-01 |     NaN     NaN
0011  | 5.000000e-01 |  0.0810  0.3000
0012  | 6.000000e-01 |  0.0890  0.3640
0013  | 7.000000e-01 |  0.1020  0.4010
0014  | 8.000000e-01 |  0.0980  0.4390
0015  | 9.000000e-01 |  0.0850  0.4720
