#Run  | kymin     1  /Eigenvalue1            
0001  | 1.000000e-03 |  0.0140 -0.0100
0002  | 1.000000e-02 |  0.0980  0.0180
0003  | 2.000000e-02 |  0.1070  0.0250
0004  | 3.000000e-02 |  0.1080  0.0360
0005  | 4.000000e-02 |  0.1050  0.0480
0006  | 5.000000e-02 |  0.1010  0.0600
0007  | 7.500000e-02 |  0.0850  0.0910
0008  | 1.000000e-01 |  0.0550  0.1420
0009  | 1.250000e-01 |  0.0520  0.1940
0010  | 1.500000e-01 |     NaN     NaN
0011  | 1.750000e-01 |  0.0430  0.0800
0012  | 2.000000e-01 |  0.0470  0.0860
0013  | 2.250000e-01 |  0.0500  0.0920
0014  | 2.500000e-01 |  0.0510  0.0980
0015  | 3.000000e-01 |     NaN     NaN
0016  | 4.000000e-01 |  0.0700  0.2730
0017  | 5.000000e-01 |  0.0800  0.3050
0018  | 6.000000e-01 |  0.0880  0.3740
0019  | 7.000000e-01 |  0.0920  0.4060
0020  | 8.000000e-01 |  0.0850  0.4350
