#Run  | kymin     1  /Eigenvalue1            
0001  | 2.000000e-01 |  0.0640  0.0960
0002  | 2.100000e-01 |  0.0660  0.0990
0003  | 2.200000e-01 |     NaN     NaN
0004  | 2.300000e-01 |     NaN     NaN
0005  | 2.400000e-01 |     NaN     NaN
0006  | 2.500000e-01 |     NaN     NaN
0007  | 2.600000e-01 |     NaN     NaN
0008  | 2.700000e-01 |     NaN     NaN
0009  | 2.800000e-01 |  0.0890  0.2590
0010  | 2.900000e-01 |  0.0930  0.2630
0011  | 3.000000e-01 |  0.0940  0.2660
0012  | 3.100000e-01 |  0.0980  0.2700
0013  | 3.200000e-01 |  0.1010  0.2740
0014  | 3.300000e-01 |  0.1010  0.2790
0015  | 3.400000e-01 |  0.1030  0.2770
0016  | 3.500000e-01 |  0.1060  0.2810
0017  | 3.600000e-01 |  0.1100  0.2840
0018  | 3.700000e-01 |  0.1130  0.2890
0019  | 3.800000e-01 |  0.1150  0.2930
0020  | 3.900000e-01 |  0.1170  0.2970
0021  | 4.000000e-01 |  0.1200  0.3020
