#Run  | kymin     1  /Eigenvalue1            
0001  | 1.000000e-03 |  0.0090 -0.0150
0002  | 1.000000e-02 |     NaN     NaN
0003  | 2.000000e-02 |     NaN     NaN
0004  | 3.000000e-02 |     NaN     NaN
0005  | 4.000000e-02 |     NaN     NaN
0006  | 5.000000e-02 |     NaN     NaN
0007  | 6.000000e-02 |     NaN     NaN
0008  | 7.000000e-02 |  0.0120  0.0650
0009  | 8.000000e-02 |  0.0160  0.0660
0010  | 9.000000e-02 |  0.0190  0.0660
0011  | 1.000000e-01 |  0.0220  0.0670
0012  | 1.200000e-01 |  0.0280  0.0690
0013  | 1.400000e-01 |  0.0340  0.0720
0014  | 1.600000e-01 |  0.0390  0.0750
0015  | 1.800000e-01 |  0.0430  0.0790
0016  | 2.000000e-01 |  0.0470  0.0830
0017  | 3.000000e-01 |     NaN     NaN
