0001  | 2.900000e-02 | 5.000000e-02 |  0.0530 -0.0870
0002  | 3.000000e-02 | 5.000000e-02 |  0.0530 -0.0870
0003  | 3.100000e-02 | 5.000000e-02 |  0.0540 -0.0870
0004  | 3.200000e-02 | 5.000000e-02 |  0.0550 -0.0860
0005  | 3.300000e-02 | 5.000000e-02 |  0.0560 -0.0860
0006  | 3.400000e-02 | 5.000000e-02 |  0.0560 -0.0860
0007  | 3.500000e-02 | 5.000000e-02 |  0.0570 -0.0860
0008  | 2.900000e-02 | 1.000000e-01 |  0.0700 -0.1750
0009  | 3.000000e-02 | 1.000000e-01 |  0.0710 -0.1740
0010  | 3.100000e-02 | 1.000000e-01 |  0.0730 -0.1740
0011  | 3.200000e-02 | 1.000000e-01 |  0.0750 -0.1740
0012  | 3.300000e-02 | 1.000000e-01 |  0.0760 -0.1740
0013  | 3.400000e-02 | 1.000000e-01 |  0.0780 -0.1730
0014  | 3.500000e-02 | 1.000000e-01 |  0.0800 -0.1730
0015  | 2.900000e-02 | 1.500000e-01 |  0.0740 -0.2640
0016  | 3.000000e-02 | 1.500000e-01 |  0.0760 -0.2640
0017  | 3.100000e-02 | 1.500000e-01 |  0.0780 -0.2630
0018  | 3.200000e-02 | 1.500000e-01 |  0.0800 -0.2620
0019  | 3.300000e-02 | 1.500000e-01 |  0.0830 -0.2620
0020  | 3.400000e-02 | 1.500000e-01 |  0.0850 -0.2620
0021  | 3.500000e-02 | 1.500000e-01 |  0.0870 -0.2610
0022  | 2.900000e-02 | 2.000000e-01 |  0.0730 -0.3540
0023  | 3.000000e-02 | 2.000000e-01 |  0.0750 -0.3530
0024  | 3.100000e-02 | 2.000000e-01 |  0.0780 -0.3530
0025  | 3.200000e-02 | 2.000000e-01 |  0.0800 -0.3520
0026  | 3.300000e-02 | 2.000000e-01 |  0.0830 -0.3510
0027  | 3.400000e-02 | 2.000000e-01 |  0.0850 -0.3510
0028  | 3.500000e-02 | 2.000000e-01 |  0.0870 -0.3500
0029  | 2.900000e-02 | 2.500000e-01 |     NaN     NaN
0030  | 3.000000e-02 | 2.500000e-01 |     NaN     NaN
0031  | 3.100000e-02 | 2.500000e-01 |     NaN     NaN
0032  | 3.200000e-02 | 2.500000e-01 |     NaN     NaN
0033  | 3.300000e-02 | 2.500000e-01 |     NaN     NaN
0034  | 3.400000e-02 | 2.500000e-01 |     NaN     NaN
0035  | 3.500000e-02 | 2.500000e-01 |     NaN     NaN
0036  | 2.900000e-02 | 3.000000e-01 |     NaN     NaN
0037  | 3.000000e-02 | 3.000000e-01 |     NaN     NaN
0038  | 3.100000e-02 | 3.000000e-01 |     NaN     NaN
0039  | 3.200000e-02 | 3.000000e-01 |     NaN     NaN
0040  | 3.300000e-02 | 3.000000e-01 |     NaN     NaN
0041  | 3.400000e-02 | 3.000000e-01 |     NaN     NaN
0042  | 3.500000e-02 | 3.000000e-01 |     NaN     NaN
0043  | 2.900000e-02 | 3.500000e-01 |  0.0590  0.2500
0044  | 3.000000e-02 | 3.500000e-01 |  0.0590  0.2510
0045  | 3.100000e-02 | 3.500000e-01 |  0.0600  0.2530
0046  | 3.200000e-02 | 3.500000e-01 |     NaN     NaN
0047  | 3.300000e-02 | 3.500000e-01 |     NaN     NaN
0048  | 3.400000e-02 | 3.500000e-01 |     NaN     NaN
0049  | 3.500000e-02 | 3.500000e-01 |     NaN     NaN
0050  | 2.900000e-02 | 4.000000e-01 |  0.0600  0.2580
0051  | 3.000000e-02 | 4.000000e-01 |  0.0620  0.2600
0052  | 3.100000e-02 | 4.000000e-01 |  0.0630  0.2620
0053  | 3.200000e-02 | 4.000000e-01 |  0.0640  0.2630
0054  | 3.300000e-02 | 4.000000e-01 |  0.0650  0.2650
0055  | 3.400000e-02 | 4.000000e-01 |  0.0670  0.2670
0056  | 3.500000e-02 | 4.000000e-01 |  0.0680  0.2690
0057  | 2.900000e-02 | 4.500000e-01 |     NaN     NaN
0058  | 3.000000e-02 | 4.500000e-01 |     NaN     NaN
0059  | 3.100000e-02 | 4.500000e-01 |  0.0620  0.2690
0060  | 3.200000e-02 | 4.500000e-01 |  0.0640  0.2710
0061  | 3.300000e-02 | 4.500000e-01 |  0.0660  0.2730
0062  | 3.400000e-02 | 4.500000e-01 |  0.0690  0.2760
0063  | 3.500000e-02 | 4.500000e-01 |  0.0710  0.2780
0064  | 2.900000e-02 | 5.000000e-01 |     NaN     NaN
0065  | 3.000000e-02 | 5.000000e-01 |     NaN     NaN
0066  | 3.100000e-02 | 5.000000e-01 |     NaN     NaN
0067  | 3.200000e-02 | 5.000000e-01 |  0.0660  0.2800
0068  | 3.300000e-02 | 5.000000e-01 |  0.0680  0.2820
0069  | 3.400000e-02 | 5.000000e-01 |  0.0720  0.2860
0070  | 3.500000e-02 | 5.000000e-01 |  0.0750  0.2890
0071  | 2.900000e-02 | 5.500000e-01 |  0.0660  0.2940
0072  | 3.000000e-02 | 5.500000e-01 |  0.0680  0.2940
0073  | 3.100000e-02 | 5.500000e-01 |  0.0700  0.2950
0074  | 3.200000e-02 | 5.500000e-01 |  0.0730  0.2970
0075  | 3.300000e-02 | 5.500000e-01 |  0.0760  0.2990
0076  | 3.400000e-02 | 5.500000e-01 |  0.0800  0.3020
0077  | 3.500000e-02 | 5.500000e-01 |  0.0840  0.3060
0078  | 2.900000e-02 | 6.000000e-01 |  0.0800  0.3080
0079  | 3.000000e-02 | 6.000000e-01 |  0.0820  0.3100
0080  | 3.100000e-02 | 6.000000e-01 |  0.0840  0.3120
0081  | 3.200000e-02 | 6.000000e-01 |  0.0860  0.3140
0082  | 3.300000e-02 | 6.000000e-01 |  0.0890  0.3160
0083  | 3.400000e-02 | 6.000000e-01 |  0.0920  0.3190
0084  | 3.500000e-02 | 6.000000e-01 |  0.0950  0.3230
0085  | 2.900000e-02 | 6.500000e-01 |  0.0880  0.3230
0086  | 3.000000e-02 | 6.500000e-01 |  0.0900  0.3250
0087  | 3.100000e-02 | 6.500000e-01 |  0.0930  0.3270
0088  | 3.200000e-02 | 6.500000e-01 |  0.0960  0.3290
0089  | 3.300000e-02 | 6.500000e-01 |  0.0980  0.3320
0090  | 3.400000e-02 | 6.500000e-01 |  0.1010  0.3360
0091  | 3.500000e-02 | 6.500000e-01 |  0.1030  0.3400
0092  | 2.900000e-02 | 7.000000e-01 |  0.0940  0.3400
0093  | 3.000000e-02 | 7.000000e-01 |  0.0970  0.3420
0094  | 3.100000e-02 | 7.000000e-01 |  0.1000  0.3440
0095  | 3.200000e-02 | 7.000000e-01 |  0.1020  0.3460
0096  | 3.300000e-02 | 7.000000e-01 |  0.1050  0.3490
0097  | 3.400000e-02 | 7.000000e-01 |  0.1070  0.3520
0098  | 3.500000e-02 | 7.000000e-01 |  0.1100  0.3570
0099  | 2.900000e-02 | 7.500000e-01 |  0.1000  0.3580
0100  | 3.000000e-02 | 7.500000e-01 |  0.1020  0.3600
0101  | 3.100000e-02 | 7.500000e-01 |  0.1050  0.3620
0102  | 3.200000e-02 | 7.500000e-01 |  0.1080  0.3640
0103  | 3.300000e-02 | 7.500000e-01 |  0.1100  0.3670
0104  | 3.400000e-02 | 7.500000e-01 |  0.1130  0.3700
0105  | 3.500000e-02 | 7.500000e-01 |  0.1150  0.3740
0106  | 2.900000e-02 | 8.000000e-01 |  0.1050  0.3770
0107  | 3.000000e-02 | 8.000000e-01 |  0.1080  0.3780
0108  | 3.100000e-02 | 8.000000e-01 |  0.1100  0.3800
0109  | 3.200000e-02 | 8.000000e-01 |  0.1130  0.3820
0110  | 3.300000e-02 | 8.000000e-01 |  0.1150  0.3850
0111  | 3.400000e-02 | 8.000000e-01 |  0.1170  0.3880
0112  | 3.500000e-02 | 8.000000e-01 |  0.1190  0.3920
