&parameters
gridpoints =   128
q0 =   1.8588439000000001E+00
shat =  -6.6712810000000000E-01
s0   =   1.0000000000000000E+00
minor_r=   1.0000000000000000E+00
trpeps =   
beta =   
Lref =   
Bref =   
my_dpdx =   3.6689999999999997E-04
magn_geometry = 'gist'
/
  4.0597747648000002E+00  1.0136289250000001E+01    2.5615403246000000E+01      1.1161039325000000E+00  5.9200277034999998E-02  2.9925423917999999E-02 -3.7308981245000000E-01  7.1636833730999996E+00          
  2.9893813794000001E+00  7.4248584347000000E+00    1.8849761045000001E+01      1.1010939251000000E+00  2.5729584858000001E-02  3.5785498770999999E-02 -1.2690655998000000E-01  7.0117418879000004E+00          
  2.2652087892999999E+00  5.5334842121000003E+00    1.4050334034000000E+01      1.0994386951999999E+00  6.5116475532000007E-02  1.9480959958000001E-02  5.0833728101000002E-02  6.8604246324000000E+00          
  1.7831119794000001E+00  4.2209070842000003E+00    1.0671562257000000E+01      1.1041515745999999E+00  9.6603411809999998E-02  1.2466105829999999E-02  6.6677566295000004E-02  6.6969368019999997E+00          
  1.4100476446000001E+00  3.1585322069999999E+00    7.9411329478999999E+00      1.1050967006000001E+00  9.1100123780000000E-02  2.2461149611999999E-02  9.1544147694999998E-03  6.5190199056999996E+00          
  1.1628001334000000E+00  2.3622896955999999E+00    5.8423978872999998E+00      1.1068155068000001E+00  1.1953911139999999E-01  1.0483082178000000E-02  7.4997509407999999E-02  6.4626283220999996E+00          
  1.0448179823999999E+00  1.8541776981000000E+00    4.4763401339000000E+00      1.1119999621000001E+00  1.3814527850000000E-01  9.8247753651999996E-03  6.6759959852999998E-02  6.2816482632000001E+00          
  9.7966621445000002E-01  1.4326323689000000E+00    3.3410234300999999E+00      1.1111980919000000E+00  1.3053821023000001E-01  1.8474521981999999E-02 -3.0994549119999999E-02  6.3167298733999999E+00          
  9.8099256961000003E-01  1.1601852231000001E+00    2.6248215158999999E+00      1.1103366959000001E+00  1.5474863495999999E-01  2.5431860969000000E-03  2.5292605452999998E-03  6.2378711966999996E+00          
  1.0247456508999999E+00  9.4004785277000003E-01    2.0656270656000002E+00      1.1106073069000000E+00  1.4898568325000000E-01  8.5576824885999995E-03 -9.7279289001999999E-03  6.2015478155999997E+00          
  1.0570725450000000E+00  7.3086532686000005E-01    1.6577089573999999E+00      1.1085256053000001E+00  1.3364161774000000E-01  1.8134467833000000E-02 -5.5313900979999997E-02  6.2776404433000002E+00          
  1.1028217656999999E+00  5.4068321019999999E-01    1.3735155734000000E+00      1.1036794602000000E+00  1.2632265392000000E-01  1.5274827013000000E-02 -6.7311778116999996E-02  6.2624031080000000E+00          
  1.1781019529000001E+00  3.6840306251999999E-01    1.1499160431000000E+00      1.1023116618000000E+00  1.1840421298999999E-01  7.7066896963000004E-03  1.8630273494000000E-02  6.3636415952999998E+00          
  1.2779275588000001E+00  2.0557157097000001E-01    9.8604053145000004E-01      1.1067984716999999E+00  1.3314578262999999E-01 -1.8081942899999998E-02  9.5935842273999997E-02  6.5142081140999997E+00          
  1.3773446430000000E+00  6.1956228794000000E-02    8.9782692200000003E-01      1.1136707143000000E+00  1.4653635468000001E-01 -3.8147591292000002E-02  9.9241864119999995E-02  6.6085479142999999E+00          
  1.5065909528000001E+00 -2.2090011690000001E-02    8.5273452453999998E-01      1.1242406548999999E+00  1.6771027447000000E-01 -3.8638983639999999E-02  1.3269334981000000E-01  6.5786867862999996E+00          
  1.6865306557999999E+00 -4.7022062667999999E-02    7.7872968529999997E-01      1.1338584700000001E+00  2.1580952859999999E-01 -4.6881109448000002E-02  9.0181459409999998E-02  6.6589209024000002E+00          
  1.9005443524000001E+00 -5.7098548689999999E-03    7.0243569989999999E-01      1.1377447339000000E+00  2.7074441500000002E-01 -7.1980377279999994E-02 -7.1009579239999995E-02  6.7125239899000002E+00          
  2.1104324187999999E+00  8.2929227171000000E-02    6.3086873066000004E-01      1.1333196078000001E+00  2.7897592667999999E-01 -8.6231251110999996E-02 -1.4666201166000001E-01  6.9039641933000002E+00          
  2.2682702474999998E+00  1.9611306450999999E-01    5.8440125749000005E-01      1.1251722797000001E+00  2.6551024266000001E-01 -9.0600740717000000E-02 -1.6028141291000000E-01  7.2314154654999996E+00          
  2.3187311286000001E+00  3.1280235629999997E-01    5.8469187053000005E-01      1.1154816408999999E+00  2.7229537188000003E-01 -1.0809569937999999E-01 -1.7013047341000001E-01  7.5203775872999996E+00          
  2.2964487850999999E+00  4.5424554024000002E-01    6.2967656543999995E-01      1.1075487712000001E+00  3.0041332273999999E-01 -1.3347136096000001E-01 -6.2112138497000001E-02  7.7593671260999999E+00          
  2.2928242552000002E+00  6.6873228058000000E-01    7.3794837668000002E-01      1.1084460135000000E+00  3.4127719220000002E-01 -1.5381373251000000E-01  1.4687737981999999E-01  7.8832493795999996E+00          
  2.3050552495000001E+00  9.3566734276999997E-01    9.2594340402999997E-01      1.1158569902000000E+00  4.0429352839999999E-01 -1.8861003544999999E-01  1.8864777408000000E-01  7.9198985841000002E+00          
  2.2688366689000001E+00  1.2145431407000000E+00    1.2128225474000001E+00      1.1208085265000001E+00  4.4501237838000002E-01 -2.0630647373000000E-01  9.0790278968000002E-02  7.8315003276999997E+00          
  2.1720950638000001E+00  1.4821568234000000E+00    1.5986915649000000E+00      1.1209908087000000E+00  4.3309409434000001E-01 -1.7453745019000000E-01  2.9704707425000001E-03  7.7330494953000004E+00          
  2.0517154321000000E+00  1.7108386267000000E+00    2.0348726157999999E+00      1.1172358535000000E+00  3.8819169254000002E-01 -1.2543397947000001E-01 -6.0785248033999997E-02  7.6666684503000004E+00          
  1.9557408942000001E+00  1.9161181110000001E+00    2.5090041955000002E+00      1.1125688992000000E+00  3.5079977480000002E-01 -1.0824583615000000E-01 -1.0101309217000000E-01  7.4602635480000004E+00          
  1.8876647494000001E+00  2.1092229817999999E+00    3.0068758722000002E+00      1.1062937132999999E+00  3.2157548341999997E-01 -1.1172614304000000E-01 -2.1465476379000001E-01  7.2389292632000002E+00          
  1.8376397384000001E+00  2.2913506518000002E+00    3.5059124471000001E+00      1.0921505457000000E+00  2.7648999089999998E-01 -1.0801340562000000E-01 -2.9045808284000002E-01  7.1561214513999998E+00          
  1.8457904039999999E+00  2.5112588781000000E+00    4.0453922762000003E+00      1.0790662445000001E+00  2.2978982049999999E-01 -1.0552493741000001E-01 -2.0296453984000001E-01  7.1079237057000002E+00          
  1.9122335321999999E+00  2.7785725433000001E+00    4.6366604554000004E+00      1.0719539424000000E+00  1.9669432072000001E-01 -1.0376643096000000E-01 -1.5121273863000001E-01  7.0521206612000000E+00          
  2.0240774577999998E+00  3.0820002456000002E+00    5.2508436267000000E+00      1.0627829277000000E+00  1.7555911982000000E-01 -1.0278895171000001E-01 -1.8485998792000000E-01  7.0529827864000003E+00          
  2.1479241977000001E+00  3.3759595144999999E+00    5.8201808973000002E+00      1.0538183053000001E+00  1.7468456511000000E-01 -1.1679775705999999E-01 -1.3174463585000001E-01  7.1680445594000002E+00          
  2.3031700840000000E+00  3.6911833901000000E+00    6.3909202600999997E+00      1.0487704632999999E+00  1.9572146475999999E-01 -1.3831811580000000E-01 -6.6740835748999999E-02  7.2689309155000004E+00          
  2.4829901503000000E+00  4.0325196855999996E+00    6.9871829222999997E+00      1.0442253399999999E+00  2.0966255877000001E-01 -1.5190897186999999E-01 -8.3523820055000003E-02  7.4002381422000001E+00          
  2.6441952550000001E+00  4.3410394202000004E+00    7.5303930736000000E+00      1.0375519070000001E+00  2.0187477926000000E-01 -1.6062623751999999E-01 -1.1292488761000000E-01  7.6484878194999997E+00          
  2.7849225842999998E+00  4.6196284250000001E+00    8.0394096737999998E+00      1.0308632445000001E+00  1.8030452834999999E-01 -1.6231635822000001E-01 -9.4246631136000000E-02  7.9085869191000002E+00          
  2.9107160327999999E+00  4.8768784993000001E+00    8.5265695127000001E+00      1.0247514729000000E+00  1.5237066872999999E-01 -1.5500994031000001E-01 -1.2818037076000000E-01  8.1415760551999998E+00          
  2.9959189500000001E+00  5.0658745258000000E+00    8.9010274820999999E+00      1.0135877248000000E+00  1.1665212725000000E-01 -1.4300546121999999E-01 -2.2808051474999999E-01  8.4774117409999992E+00          
  3.0468313556000002E+00  5.1842165988000000E+00    9.1402105027000005E+00      1.0006838213000000E+00  8.1616503610000002E-02 -1.2901169563000001E-01 -1.9896369953000001E-01  8.8196570745000002E+00          
  3.0399926810000002E+00  5.2017211558999996E+00    9.2152506723999998E+00      9.9285733625000006E-01  6.7644621336999999E-02 -1.2475034419000000E-01 -1.4707069616999999E-01  9.0869365504000008E+00          
  2.9052887787000001E+00  5.0071934438000003E+00    8.9562776158999995E+00      9.8609959264000002E-01  5.7786667455000003E-02 -1.2239660469999999E-01 -1.9173704293999999E-01  9.2936182987000002E+00          
  2.5910352143000002E+00  4.5232496453000000E+00    8.2581143471999994E+00      9.7568878902000000E-01  5.3663497799000003E-02 -1.2724016041000000E-01 -2.5516210349000001E-01  9.4956672338000008E+00          
  2.1676188377000001E+00  3.8634056312000000E+00    7.3108723979999999E+00      9.6473181459000001E-01  4.4943313418000001E-02 -1.2986105770000000E-01 -2.0492097129000000E-01  9.7202446982000001E+00          
  1.7465752917999999E+00  3.2109517589999998E+00    6.4242352869000001E+00      9.5879452762999995E-01 -1.8155580999000001E-03 -1.1244088435000001E-01 -1.0115984669000000E-01  9.9105310725999995E+00          
  1.3667538592999999E+00  2.6153660417000002E+00    5.6670875973000001E+00      9.5632021015000002E-01 -8.1761082117999997E-02 -8.2367221110000000E-02 -7.2898610917000006E-02  1.0034796670000000E+01          
  1.0435980891000001E+00  2.0606461886999998E+00    4.9356112499000000E+00      9.5421217693000004E-01 -1.4546399241999999E-01 -5.8035533849000003E-02 -6.9987127206999997E-02  1.0092667880000000E+01          
  7.7703196915999995E-01  1.5182344838999999E+00    4.1292077595999999E+00      9.5256038518999997E-01 -1.5548919426999999E-01 -6.3177282346999999E-02 -4.0802308248999997E-02  1.0099213118000000E+01          
  5.8545939913000000E-01  1.0125046212000000E+00    3.2960991837000000E+00      9.5255686506000004E-01 -1.3794371705000000E-01 -8.6935779904000005E-02 -1.3295999546000001E-03  1.0026166743999999E+01          
  4.9397442078999998E-01  5.8729801758000000E-01    2.5348094651999999E+00      9.5277312839999995E-01 -1.2807669246000000E-01 -1.1071789009000001E-01 -3.9069782829999997E-02  9.8855775396999999E+00          
  5.1879054306000005E-01  2.9168795957999999E-01    1.9067997743000000E+00      9.5008119794000001E-01 -1.2345567498000000E-01 -1.2811228022000001E-01 -5.8593896218999998E-02  9.7414701565000001E+00          
  6.4022002633999997E-01  1.1239314801000000E-01    1.4303823347000000E+00      9.5071360108000003E-01 -9.7811297086000004E-02 -1.4022720839000000E-01  1.0256356954000000E-01  9.6005539454999997E+00          
  8.4538554612000005E-01  2.4672166313999999E-03    1.0911760820000000E+00      9.6050003985999999E-01 -5.8601877837000001E-02 -1.4121283996000000E-01  2.5486576067000000E-01  9.3520123390999998E+00          
  1.1067076543000001E+00 -6.2456546206000003E-02    8.5624748266999995E-01      9.7106814230000005E-01 -3.9903244233999997E-02 -1.2539586288999999E-01  1.4729772581000000E-01  9.1429806776000007E+00          
  1.3744625840000000E+00 -9.8213195190999997E-02    6.9696818930000004E-01      9.7340723779000005E-01 -5.0021414487000003E-02 -1.0310354730000000E-01 -8.3093743482999999E-02  9.0993306170999997E+00          
  1.6263478821999999E+00 -1.2126777968999999E-01    5.8305326474999997E-01      9.6634435959999998E-01 -7.5820095374000002E-02 -8.2303718462000006E-02 -1.9232579910000000E-01  9.2283249117999997E+00          
  1.8917026644999999E+00 -1.3433607193000000E-01    4.9442384858999999E-01      9.5757619614000000E-01 -9.9649713769999995E-02 -6.3168380871999996E-02 -1.5268573234999999E-01  9.4064748105000007E+00          
  2.2009994911000001E+00 -1.4313044649000001E-01    4.2414241781000001E-01      9.5429020851000002E-01 -1.1183673325000000E-01 -4.9019667375999998E-02 -3.9402067345000000E-02  9.5433544464000004E+00          
  2.5555240949000000E+00 -1.4991815120999999E-01    3.6734621453999999E-01      9.5527569482999997E-01 -1.1460374835000001E-01 -4.8844405855000002E-02  1.6013444646000002E-02  9.6544213688999996E+00          
  2.9085692344999998E+00 -1.4865990012999999E-01    3.2447393563999999E-01      9.5547981837999996E-01 -1.2156752747000001E-01 -5.9079151800000000E-02 -4.0516413296000003E-02  9.7275287718999994E+00          
  3.2048109539000000E+00 -1.2801689307000000E-01    2.9232255535000001E-01      9.5230040449999998E-01 -1.3325218486000001E-01 -6.4595614174000004E-02 -1.1301590847000000E-01  9.8094006954000008E+00          
  3.4076704209000002E+00 -9.3400902958999998E-02    2.7069371389000002E-01      9.4779701373000003E-01 -1.4413329180000001E-01 -5.0942005023000003E-02 -9.5125917204999993E-02  9.9031725637000001E+00          
  3.5181854448999998E+00 -4.8679950989000000E-02    2.6003139177000001E-01      9.4475234732000002E-01 -1.4825369199999999E-01 -2.9082401926999998E-02 -5.2571149423999999E-02  9.9246668152000002E+00          
  3.5483809500999999E+00  0.0000000000000000E+00    2.5665241769000002E-01      9.4362491581999997E-01 -1.4741674914000000E-01  0.0000000000000000E+00  0.0000000000000000E+00  9.9451708347000007E+00          
  3.5181854448999998E+00  4.8679950989000000E-02    2.6003139177000001E-01      9.4475234732000002E-01 -1.4825369199999999E-01  2.9082401926999998E-02  5.2571149423999999E-02  9.9246668152000002E+00          
  3.4076704209000002E+00  9.3400902958999998E-02    2.7069371389000002E-01      9.4779701373000003E-01 -1.4413329180000001E-01  5.0942005023000003E-02  9.5125917204999993E-02  9.9031725637000001E+00          
  3.2048109539000000E+00  1.2801689307000000E-01    2.9232255535000001E-01      9.5230040449999998E-01 -1.3325218486000001E-01  6.4595614174000004E-02  1.1301590847000000E-01  9.8094006954000008E+00          
  2.9085692344999998E+00  1.4865990012999999E-01    3.2447393563999999E-01      9.5547981837999996E-01 -1.2156752747000001E-01  5.9079151800000000E-02  4.0516413296000003E-02  9.7275287718999994E+00          
  2.5555240949000000E+00  1.4991815120999999E-01    3.6734621453999999E-01      9.5527569482999997E-01 -1.1460374835000001E-01  4.8844405855000002E-02 -1.6013444646000002E-02  9.6544213688999996E+00          
  2.2009994911000001E+00  1.4313044649000001E-01    4.2414241781000001E-01      9.5429020851000002E-01 -1.1183673325000000E-01  4.9019667375999998E-02  3.9402067345000000E-02  9.5433544464000004E+00          
  1.8917026644999999E+00  1.3433607193000000E-01    4.9442384858999999E-01      9.5757619614000000E-01 -9.9649713769999995E-02  6.3168380871999996E-02  1.5268573234999999E-01  9.4064748105000007E+00          
  1.6263478821999999E+00  1.2126777968999999E-01    5.8305326474999997E-01      9.6634435959999998E-01 -7.5820095374000002E-02  8.2303718462000006E-02  1.9232579910000000E-01  9.2283249117999997E+00          
  1.3744625840000000E+00  9.8213195190999997E-02    6.9696818930000004E-01      9.7340723779000005E-01 -5.0021414487000003E-02  1.0310354730000000E-01  8.3093743482999999E-02  9.0993306170999997E+00          
  1.1067076543000001E+00  6.2456546206000003E-02    8.5624748266999995E-01      9.7106814230000005E-01 -3.9903244233999997E-02  1.2539586288999999E-01 -1.4729772581000000E-01  9.1429806776000007E+00          
  8.4538554612000005E-01 -2.4672166313999999E-03    1.0911760820000000E+00      9.6050003985999999E-01 -5.8601877837000001E-02  1.4121283996000000E-01 -2.5486576067000000E-01  9.3520123390999998E+00          
  6.4022002633999997E-01 -1.1239314801000000E-01    1.4303823347000000E+00      9.5071360108000003E-01 -9.7811297086000004E-02  1.4022720839000000E-01 -1.0256356954000000E-01  9.6005539454999997E+00          
  5.1879054306000005E-01 -2.9168795957999999E-01    1.9067997743000000E+00      9.5008119794000001E-01 -1.2345567498000000E-01  1.2811228022000001E-01  5.8593896218999998E-02  9.7414701565000001E+00          
  4.9397442078999998E-01 -5.8729801758000000E-01    2.5348094651999999E+00      9.5277312839999995E-01 -1.2807669246000000E-01  1.1071789009000001E-01  3.9069782829999997E-02  9.8855775396999999E+00          
  5.8545939913000000E-01 -1.0125046212000000E+00    3.2960991837000000E+00      9.5255686506000004E-01 -1.3794371705000000E-01  8.6935779904000005E-02  1.3295999546000001E-03  1.0026166743999999E+01          
  7.7703196915999995E-01 -1.5182344838999999E+00    4.1292077595999999E+00      9.5256038518999997E-01 -1.5548919426999999E-01  6.3177282346999999E-02  4.0802308248999997E-02  1.0099213118000000E+01          
  1.0435980891000001E+00 -2.0606461886999998E+00    4.9356112499000000E+00      9.5421217693000004E-01 -1.4546399241999999E-01  5.8035533849000003E-02  6.9987127206999997E-02  1.0092667880000000E+01          
  1.3667538592999999E+00 -2.6153660417000002E+00    5.6670875973000001E+00      9.5632021015000002E-01 -8.1761082117999997E-02  8.2367221110000000E-02  7.2898610917000006E-02  1.0034796670000000E+01          
  1.7465752917999999E+00 -3.2109517589999998E+00    6.4242352869000001E+00      9.5879452762999995E-01 -1.8155580999000001E-03  1.1244088435000001E-01  1.0115984669000000E-01  9.9105310725999995E+00          
  2.1676188377000001E+00 -3.8634056312000000E+00    7.3108723979999999E+00      9.6473181459000001E-01  4.4943313418000001E-02  1.2986105770000000E-01  2.0492097129000000E-01  9.7202446982000001E+00          
  2.5910352143000002E+00 -4.5232496453000000E+00    8.2581143471999994E+00      9.7568878902000000E-01  5.3663497799000003E-02  1.2724016041000000E-01  2.5516210349000001E-01  9.4956672338000008E+00          
  2.9052887787000001E+00 -5.0071934438000003E+00    8.9562776158999995E+00      9.8609959264000002E-01  5.7786667455000003E-02  1.2239660469999999E-01  1.9173704293999999E-01  9.2936182987000002E+00          
  3.0399926810000002E+00 -5.2017211558999996E+00    9.2152506723999998E+00      9.9285733625000006E-01  6.7644621336999999E-02  1.2475034419000000E-01  1.4707069616999999E-01  9.0869365504000008E+00          
  3.0468313556000002E+00 -5.1842165988000000E+00    9.1402105027000005E+00      1.0006838213000000E+00  8.1616503610000002E-02  1.2901169563000001E-01  1.9896369953000001E-01  8.8196570745000002E+00          
  2.9959189500000001E+00 -5.0658745258000000E+00    8.9010274820999999E+00      1.0135877248000000E+00  1.1665212725000000E-01  1.4300546121999999E-01  2.2808051474999999E-01  8.4774117409999992E+00          
  2.9107160327999999E+00 -4.8768784993000001E+00    8.5265695127000001E+00      1.0247514729000000E+00  1.5237066872999999E-01  1.5500994031000001E-01  1.2818037076000000E-01  8.1415760551999998E+00          
  2.7849225842999998E+00 -4.6196284250000001E+00    8.0394096737999998E+00      1.0308632445000001E+00  1.8030452834999999E-01  1.6231635822000001E-01  9.4246631136000000E-02  7.9085869191000002E+00          
  2.6441952550000001E+00 -4.3410394202000004E+00    7.5303930736000000E+00      1.0375519070000001E+00  2.0187477926000000E-01  1.6062623751999999E-01  1.1292488761000000E-01  7.6484878194999997E+00          
  2.4829901503000000E+00 -4.0325196855999996E+00    6.9871829222999997E+00      1.0442253399999999E+00  2.0966255877000001E-01  1.5190897186999999E-01  8.3523820055000003E-02  7.4002381422000001E+00          
  2.3031700840000000E+00 -3.6911833901000000E+00    6.3909202600999997E+00      1.0487704632999999E+00  1.9572146475999999E-01  1.3831811580000000E-01  6.6740835748999999E-02  7.2689309155000004E+00          
  2.1479241977000001E+00 -3.3759595144999999E+00    5.8201808973000002E+00      1.0538183053000001E+00  1.7468456511000000E-01  1.1679775705999999E-01  1.3174463585000001E-01  7.1680445594000002E+00          
  2.0240774577999998E+00 -3.0820002456000002E+00    5.2508436267000000E+00      1.0627829277000000E+00  1.7555911982000000E-01  1.0278895171000001E-01  1.8485998792000000E-01  7.0529827864000003E+00          
  1.9122335321999999E+00 -2.7785725433000001E+00    4.6366604554000004E+00      1.0719539424000000E+00  1.9669432072000001E-01  1.0376643096000000E-01  1.5121273863000001E-01  7.0521206612000000E+00          
  1.8457904039999999E+00 -2.5112588781000000E+00    4.0453922762000003E+00      1.0790662445000001E+00  2.2978982049999999E-01  1.0552493741000001E-01  2.0296453984000001E-01  7.1079237057000002E+00          
  1.8376397384000001E+00 -2.2913506518000002E+00    3.5059124471000001E+00      1.0921505457000000E+00  2.7648999089999998E-01  1.0801340562000000E-01  2.9045808284000002E-01  7.1561214513999998E+00          
  1.8876647494000001E+00 -2.1092229817999999E+00    3.0068758722000002E+00      1.1062937132999999E+00  3.2157548341999997E-01  1.1172614304000000E-01  2.1465476379000001E-01  7.2389292632000002E+00          
  1.9557408942000001E+00 -1.9161181110000001E+00    2.5090041955000002E+00      1.1125688992000000E+00  3.5079977480000002E-01  1.0824583615000000E-01  1.0101309217000000E-01  7.4602635480000004E+00          
  2.0517154321000000E+00 -1.7108386267000000E+00    2.0348726157999999E+00      1.1172358535000000E+00  3.8819169254000002E-01  1.2543397947000001E-01  6.0785248033999997E-02  7.6666684503000004E+00          
  2.1720950638000001E+00 -1.4821568234000000E+00    1.5986915649000000E+00      1.1209908087000000E+00  4.3309409434000001E-01  1.7453745019000000E-01 -2.9704707425000001E-03  7.7330494953000004E+00          
  2.2688366689000001E+00 -1.2145431407000000E+00    1.2128225474000001E+00      1.1208085265000001E+00  4.4501237838000002E-01  2.0630647373000000E-01 -9.0790278968000002E-02  7.8315003276999997E+00          
  2.3050552495000001E+00 -9.3566734276999997E-01    9.2594340402999997E-01      1.1158569902000000E+00  4.0429352839999999E-01  1.8861003544999999E-01 -1.8864777408000000E-01  7.9198985841000002E+00          
  2.2928242552000002E+00 -6.6873228058000000E-01    7.3794837668000002E-01      1.1084460135000000E+00  3.4127719220000002E-01  1.5381373251000000E-01 -1.4687737981999999E-01  7.8832493795999996E+00          
  2.2964487850999999E+00 -4.5424554024000002E-01    6.2967656543999995E-01      1.1075487712000001E+00  3.0041332273999999E-01  1.3347136096000001E-01  6.2112138497000001E-02  7.7593671260999999E+00          
  2.3187311286000001E+00 -3.1280235629999997E-01    5.8469187053000005E-01      1.1154816408999999E+00  2.7229537188000003E-01  1.0809569937999999E-01  1.7013047341000001E-01  7.5203775872999996E+00          
  2.2682702474999998E+00 -1.9611306450999999E-01    5.8440125749000005E-01      1.1251722797000001E+00  2.6551024266000001E-01  9.0600740717000000E-02  1.6028141291000000E-01  7.2314154654999996E+00          
  2.1104324187999999E+00 -8.2929227171000000E-02    6.3086873066000004E-01      1.1333196078000001E+00  2.7897592667999999E-01  8.6231251110999996E-02  1.4666201166000001E-01  6.9039641933000002E+00          
  1.9005443524000001E+00  5.7098548689999999E-03    7.0243569989999999E-01      1.1377447339000000E+00  2.7074441500000002E-01  7.1980377279999994E-02  7.1009579239999995E-02  6.7125239899000002E+00          
  1.6865306557999999E+00  4.7022062667999999E-02    7.7872968529999997E-01      1.1338584700000001E+00  2.1580952859999999E-01  4.6881109448000002E-02 -9.0181459409999998E-02  6.6589209024000002E+00          
  1.5065909528000001E+00  2.2090011690000001E-02    8.5273452453999998E-01      1.1242406548999999E+00  1.6771027447000000E-01  3.8638983639999999E-02 -1.3269334981000000E-01  6.5786867862999996E+00          
  1.3773446430000000E+00 -6.1956228794000000E-02    8.9782692200000003E-01      1.1136707143000000E+00  1.4653635468000001E-01  3.8147591292000002E-02 -9.9241864119999995E-02  6.6085479142999999E+00          
  1.2779275588000001E+00 -2.0557157097000001E-01    9.8604053145000004E-01      1.1067984716999999E+00  1.3314578262999999E-01  1.8081942899999998E-02 -9.5935842273999997E-02  6.5142081140999997E+00          
  1.1781019529000001E+00 -3.6840306251999999E-01    1.1499160431000000E+00      1.1023116618000000E+00  1.1840421298999999E-01 -7.7066896963000004E-03 -1.8630273494000000E-02  6.3636415952999998E+00          
  1.1028217656999999E+00 -5.4068321019999999E-01    1.3735155734000000E+00      1.1036794602000000E+00  1.2632265392000000E-01 -1.5274827013000000E-02  6.7311778116999996E-02  6.2624031080000000E+00          
  1.0570725450000000E+00 -7.3086532686000005E-01    1.6577089573999999E+00      1.1085256053000001E+00  1.3364161774000000E-01 -1.8134467833000000E-02  5.5313900979999997E-02  6.2776404433000002E+00          
  1.0247456508999999E+00 -9.4004785277000003E-01    2.0656270656000002E+00      1.1106073069000000E+00  1.4898568325000000E-01 -8.5576824885999995E-03  9.7279289001999999E-03  6.2015478155999997E+00          
  9.8099256961000003E-01 -1.1601852231000001E+00    2.6248215158999999E+00      1.1103366959000001E+00  1.5474863495999999E-01 -2.5431860969000000E-03 -2.5292605452999998E-03  6.2378711966999996E+00          
  9.7966621445000002E-01 -1.4326323689000000E+00    3.3410234300999999E+00      1.1111980919000000E+00  1.3053821023000001E-01 -1.8474521981999999E-02  3.0994549119999999E-02  6.3167298733999999E+00          
  1.0448179823999999E+00 -1.8541776981000000E+00    4.4763401339000000E+00      1.1119999621000001E+00  1.3814527850000000E-01 -9.8247753651999996E-03 -6.6759959852999998E-02  6.2816482632000001E+00          
  1.1628001334000000E+00 -2.3622896955999999E+00    5.8423978872999998E+00      1.1068155068000001E+00  1.1953911139999999E-01 -1.0483082178000000E-02 -7.4997509407999999E-02  6.4626283220999996E+00          
  1.4100476446000001E+00 -3.1585322069999999E+00    7.9411329478999999E+00      1.1050967006000001E+00  9.1100123780000000E-02 -2.2461149611999999E-02 -9.1544147694999998E-03  6.5190199056999996E+00          
  1.7831119794000001E+00 -4.2209070842000003E+00    1.0671562257000000E+01      1.1041515745999999E+00  9.6603411809999998E-02 -1.2466105829999999E-02 -6.6677566295000004E-02  6.6969368019999997E+00          
  2.2652087892999999E+00 -5.5334842121000003E+00    1.4050334034000000E+01      1.0994386951999999E+00  6.5116475532000007E-02 -1.9480959958000001E-02 -5.0833728101000002E-02  6.8604246324000000E+00          
  2.9893813794000001E+00 -7.4248584347000000E+00    1.8849761045000001E+01      1.1010939251000000E+00  2.5729584858000001E-02 -3.5785498770999999E-02  1.2690655998000000E-01  7.0117418879000004E+00          
