0001  | 2.000000e-03 | 1.000000e-03 | -0.0010 -0.0000
0002  | 4.000000e-03 | 1.000000e-03 | -0.0010 -0.0000
0003  | 6.000000e-03 | 1.000000e-03 | -0.0010  0.0000
0004  | 8.000000e-03 | 1.000000e-03 | -0.0010  0.0000
0005  | 1.000000e-02 | 1.000000e-03 |     NaN     NaN
0006  | 1.200000e-02 | 1.000000e-03 |     NaN     NaN
0007  | 1.400000e-02 | 1.000000e-03 |     NaN     NaN
0008  | 1.600000e-02 | 1.000000e-03 |     NaN     NaN
0009  | 1.800000e-02 | 1.000000e-03 |  0.0080  0.0310
0010  | 2.000000e-02 | 1.000000e-03 |  0.0110  0.0310
0011  | 2.200000e-02 | 1.000000e-03 |  0.0140  0.0310
0012  | 2.400000e-02 | 1.000000e-03 |  0.0160  0.0310
0013  | 2.600000e-02 | 1.000000e-03 |  0.0180  0.0310
0014  | 2.800000e-02 | 1.000000e-03 |     NaN     NaN
0015  | 3.000000e-02 | 1.000000e-03 |  0.0340  0.4470
0016  | 2.000000e-03 | 1.000000e-02 |     NaN     NaN
0017  | 4.000000e-03 | 1.000000e-02 |  0.0400  0.0470
0018  | 6.000000e-03 | 1.000000e-02 |  0.0800  0.0590
0019  | 8.000000e-03 | 1.000000e-02 |  0.1120  0.0670
0020  | 1.000000e-02 | 1.000000e-02 |  0.1380  0.0710
0021  | 1.200000e-02 | 1.000000e-02 |  0.1610  0.0750
0022  | 1.400000e-02 | 1.000000e-02 |  0.1810  0.0780
0023  | 1.600000e-02 | 1.000000e-02 |  0.1990  0.0800
0024  | 1.800000e-02 | 1.000000e-02 |  0.2150  0.0830
0025  | 2.000000e-02 | 1.000000e-02 |  0.2300  0.0850
0026  | 2.200000e-02 | 1.000000e-02 |  0.2440  0.0870
0027  | 2.400000e-02 | 1.000000e-02 |  0.2570  0.0890
0028  | 2.600000e-02 | 1.000000e-02 |  0.2690  0.0910
0029  | 2.800000e-02 | 1.000000e-02 |  0.2800  0.0940
0030  | 3.000000e-02 | 1.000000e-02 |  0.2910  0.0960
0031  | 2.000000e-03 | 2.000000e-02 |     NaN     NaN
0032  | 4.000000e-03 | 2.000000e-02 |  0.0450  0.0540
0033  | 6.000000e-03 | 2.000000e-02 |  0.0910  0.0590
0034  | 8.000000e-03 | 2.000000e-02 |  0.1240  0.0610
0035  | 1.000000e-02 | 2.000000e-02 |  0.1510  0.0630
0036  | 1.200000e-02 | 2.000000e-02 |  0.1740  0.0640
0037  | 1.400000e-02 | 2.000000e-02 |  0.1940  0.0640
0038  | 1.600000e-02 | 2.000000e-02 |  0.2120  0.0650
0039  | 1.800000e-02 | 2.000000e-02 |  0.2280  0.0660
0040  | 2.000000e-02 | 2.000000e-02 |  0.2440  0.0660
0041  | 2.200000e-02 | 2.000000e-02 |  0.2580  0.0670
0042  | 2.400000e-02 | 2.000000e-02 |  0.2710  0.0670
0043  | 2.600000e-02 | 2.000000e-02 |  0.2840  0.0680
0044  | 2.800000e-02 | 2.000000e-02 |  0.2970  0.0690
0045  | 3.000000e-02 | 2.000000e-02 |  0.3080  0.0700
0046  | 2.000000e-03 | 3.000000e-02 |     NaN     NaN
0047  | 4.000000e-03 | 3.000000e-02 |  0.0340  0.0690
0048  | 6.000000e-03 | 3.000000e-02 |  0.0870  0.0720
0049  | 8.000000e-03 | 3.000000e-02 |  0.1220  0.0720
0050  | 1.000000e-02 | 3.000000e-02 |  0.1500  0.0720
0051  | 1.200000e-02 | 3.000000e-02 |  0.1730  0.0720
0052  | 1.400000e-02 | 3.000000e-02 |  0.1940  0.0730
0053  | 1.600000e-02 | 3.000000e-02 |  0.2120  0.0730
0054  | 1.800000e-02 | 3.000000e-02 |  0.2290  0.0730
0055  | 2.000000e-02 | 3.000000e-02 |  0.2440  0.0730
0056  | 2.200000e-02 | 3.000000e-02 |  0.2590  0.0730
0057  | 2.400000e-02 | 3.000000e-02 |  0.2720  0.0730
0058  | 2.600000e-02 | 3.000000e-02 |  0.2850  0.0740
0059  | 2.800000e-02 | 3.000000e-02 |  0.2980  0.0740
0060  | 3.000000e-02 | 3.000000e-02 |  0.3100  0.0750
0061  | 2.000000e-03 | 4.000000e-02 |     NaN     NaN
0062  | 4.000000e-03 | 4.000000e-02 |     NaN     NaN
0063  | 6.000000e-03 | 4.000000e-02 |  0.0780  0.0880
0064  | 8.000000e-03 | 4.000000e-02 |  0.1170  0.0870
0065  | 1.000000e-02 | 4.000000e-02 |  0.1460  0.0870
0066  | 1.200000e-02 | 4.000000e-02 |  0.1700  0.0860
0067  | 1.400000e-02 | 4.000000e-02 |  0.1910  0.0860
0068  | 1.600000e-02 | 4.000000e-02 |  0.2100  0.0860
0069  | 1.800000e-02 | 4.000000e-02 |  0.2270  0.0860
0070  | 2.000000e-02 | 4.000000e-02 |  0.2420  0.0860
0071  | 2.200000e-02 | 4.000000e-02 |  0.2570  0.0850
0072  | 2.400000e-02 | 4.000000e-02 |  0.2700  0.0860
0073  | 2.600000e-02 | 4.000000e-02 |  0.2840  0.0860
0074  | 2.800000e-02 | 4.000000e-02 |  0.2960  0.0860
0075  | 3.000000e-02 | 4.000000e-02 |  0.3080  0.0860
0076  | 2.000000e-03 | 5.000000e-02 |     NaN     NaN
0077  | 4.000000e-03 | 5.000000e-02 |  0.0270  0.1680
0078  | 6.000000e-03 | 5.000000e-02 |  0.0620  0.1110
0079  | 8.000000e-03 | 5.000000e-02 |  0.1090  0.1060
0080  | 1.000000e-02 | 5.000000e-02 |  0.1400  0.1040
0081  | 1.200000e-02 | 5.000000e-02 |  0.1650  0.1030
0082  | 1.400000e-02 | 5.000000e-02 |  0.1860  0.1020
0083  | 1.600000e-02 | 5.000000e-02 |  0.2050  0.1010
0084  | 1.800000e-02 | 5.000000e-02 |  0.2230  0.1010
0085  | 2.000000e-02 | 5.000000e-02 |  0.2390  0.1000
0086  | 2.200000e-02 | 5.000000e-02 |  0.2530  0.1000
0087  | 2.400000e-02 | 5.000000e-02 |  0.2670  0.1000
0088  | 2.600000e-02 | 5.000000e-02 |  0.2810  0.1000
0089  | 2.800000e-02 | 5.000000e-02 |  0.2930  0.1000
0090  | 3.000000e-02 | 5.000000e-02 |  0.3060  0.1010
0091  | 2.000000e-03 | 6.000000e-02 |     NaN     NaN
0092  | 4.000000e-03 | 6.000000e-02 |  0.0380  0.1890
0093  | 6.000000e-03 | 6.000000e-02 |  0.0540  0.1540
0094  | 8.000000e-03 | 6.000000e-02 |  0.0980  0.1280
0095  | 1.000000e-02 | 6.000000e-02 |  0.1320  0.1230
0096  | 1.200000e-02 | 6.000000e-02 |  0.1580  0.1200
0097  | 1.400000e-02 | 6.000000e-02 |  0.1810  0.1190
0098  | 1.600000e-02 | 6.000000e-02 |  0.2000  0.1180
0099  | 1.800000e-02 | 6.000000e-02 |  0.2180  0.1170
0100  | 2.000000e-02 | 6.000000e-02 |  0.2340  0.1170
0101  | 2.200000e-02 | 6.000000e-02 |  0.2490  0.1160
0102  | 2.400000e-02 | 6.000000e-02 |  0.2630  0.1160
0103  | 2.600000e-02 | 6.000000e-02 |  0.2770  0.1160
0104  | 2.800000e-02 | 6.000000e-02 |  0.2900  0.1160
0105  | 3.000000e-02 | 6.000000e-02 |  0.3020  0.1160
0106  | 2.000000e-03 | 7.000000e-02 |     NaN     NaN
0107  | 4.000000e-03 | 7.000000e-02 |  0.0420  0.2090
0108  | 6.000000e-03 | 7.000000e-02 |  0.0590  0.1840
0109  | 8.000000e-03 | 7.000000e-02 |  0.0880  0.1560
0110  | 1.000000e-02 | 7.000000e-02 |  0.1230  0.1440
0111  | 1.200000e-02 | 7.000000e-02 |  0.1500  0.1400
0112  | 1.400000e-02 | 7.000000e-02 |  0.1740  0.1370
0113  | 1.600000e-02 | 7.000000e-02 |  0.1940  0.1350
0114  | 1.800000e-02 | 7.000000e-02 |  0.2120  0.1340
0115  | 2.000000e-02 | 7.000000e-02 |  0.2290  0.1330
0116  | 2.200000e-02 | 7.000000e-02 |  0.2440  0.1330
0117  | 2.400000e-02 | 7.000000e-02 |  0.2590  0.1320
0118  | 2.600000e-02 | 7.000000e-02 |  0.2720  0.1320
0119  | 2.800000e-02 | 7.000000e-02 |  0.2850  0.1320
0120  | 3.000000e-02 | 7.000000e-02 |  0.2980  0.1320
0121  | 2.000000e-03 | 8.000000e-02 |  0.0300  0.0740
0122  | 4.000000e-03 | 8.000000e-02 |  0.0420  0.2280
0123  | 6.000000e-03 | 8.000000e-02 |  0.0610  0.2070
0124  | 8.000000e-03 | 8.000000e-02 |  0.0840  0.1840
0125  | 1.000000e-02 | 8.000000e-02 |  0.1140  0.1680
0126  | 1.200000e-02 | 8.000000e-02 |  0.1420  0.1600
0127  | 1.400000e-02 | 8.000000e-02 |  0.1660  0.1560
0128  | 1.600000e-02 | 8.000000e-02 |  0.1870  0.1540
0129  | 1.800000e-02 | 8.000000e-02 |  0.2050  0.1520
0130  | 2.000000e-02 | 8.000000e-02 |  0.2220  0.1510
0131  | 2.200000e-02 | 8.000000e-02 |  0.2380  0.1500
0132  | 2.400000e-02 | 8.000000e-02 |  0.2530  0.1500
0133  | 2.600000e-02 | 8.000000e-02 |  0.2670  0.1490
0134  | 2.800000e-02 | 8.000000e-02 |  0.2800  0.1490
0135  | 3.000000e-02 | 8.000000e-02 |  0.2930  0.1490
0136  | 2.000000e-03 | 9.000000e-02 |  0.0340  0.0750
0137  | 4.000000e-03 | 9.000000e-02 |     NaN     NaN
0138  | 6.000000e-03 | 9.000000e-02 |  0.0580  0.2300
0139  | 8.000000e-03 | 9.000000e-02 |  0.0810  0.2090
0140  | 1.000000e-02 | 9.000000e-02 |  0.1070  0.1930
0141  | 1.200000e-02 | 9.000000e-02 |  0.1330  0.1830
0142  | 1.400000e-02 | 9.000000e-02 |  0.1570  0.1770
0143  | 1.600000e-02 | 9.000000e-02 |  0.1790  0.1730
0144  | 1.800000e-02 | 9.000000e-02 |  0.1980  0.1710
0145  | 2.000000e-02 | 9.000000e-02 |  0.2150  0.1690
0146  | 2.200000e-02 | 9.000000e-02 |  0.2310  0.1680
0147  | 2.400000e-02 | 9.000000e-02 |  0.2460  0.1670
0148  | 2.600000e-02 | 9.000000e-02 |  0.2610  0.1670
0149  | 2.800000e-02 | 9.000000e-02 |  0.2740  0.1660
0150  | 3.000000e-02 | 9.000000e-02 |  0.2870  0.1660
0151  | 2.000000e-03 | 1.000000e-01 |  0.0390  0.0770
0152  | 4.000000e-03 | 1.000000e-01 |  0.0390  0.0780
0153  | 6.000000e-03 | 1.000000e-01 |  0.0530  0.2530
0154  | 8.000000e-03 | 1.000000e-01 |  0.0750  0.2330
0155  | 1.000000e-02 | 1.000000e-01 |  0.1000  0.2170
0156  | 1.200000e-02 | 1.000000e-01 |  0.1250  0.2050
0157  | 1.400000e-02 | 1.000000e-01 |  0.1480  0.1980
0158  | 1.600000e-02 | 1.000000e-01 |  0.1700  0.1930
0159  | 1.800000e-02 | 1.000000e-01 |  0.1900  0.1900
0160  | 2.000000e-02 | 1.000000e-01 |  0.2070  0.1880
0161  | 2.200000e-02 | 1.000000e-01 |  0.2240  0.1860
0162  | 2.400000e-02 | 1.000000e-01 |  0.2390  0.1850
0163  | 2.600000e-02 | 1.000000e-01 |  0.2540  0.1840
0164  | 2.800000e-02 | 1.000000e-01 |  0.2670  0.1840
0165  | 3.000000e-02 | 1.000000e-01 |  0.2800  0.1840
0166  | 2.000000e-03 | 1.200000e-01 |  0.0470  0.0800
0167  | 4.000000e-03 | 1.200000e-01 |  0.0470  0.0810
0168  | 6.000000e-03 | 1.200000e-01 |  0.0480  0.0810
0169  | 8.000000e-03 | 1.200000e-01 |  0.0580  0.2850
0170  | 1.000000e-02 | 1.200000e-01 |  0.0810  0.2650
0171  | 1.200000e-02 | 1.200000e-01 |  0.1060  0.2510
0172  | 1.400000e-02 | 1.200000e-01 |  0.1290  0.2410
0173  | 1.600000e-02 | 1.200000e-01 |  0.1510  0.2350
0174  | 1.800000e-02 | 1.200000e-01 |  0.1710  0.2300
0175  | 2.000000e-02 | 1.200000e-01 |  0.1900  0.2260
0176  | 2.200000e-02 | 1.200000e-01 |  0.2070  0.2240
0177  | 2.400000e-02 | 1.200000e-01 |  0.2230  0.2220
0178  | 2.600000e-02 | 1.200000e-01 |  0.2380  0.2210
0179  | 2.800000e-02 | 1.200000e-01 |  0.2520  0.2200
0180  | 3.000000e-02 | 1.200000e-01 |  0.2660  0.2190
0181  | 2.000000e-03 | 1.400000e-01 |  0.0550  0.0850
0182  | 4.000000e-03 | 1.400000e-01 |  0.0550  0.0850
0183  | 6.000000e-03 | 1.400000e-01 |  0.0560  0.0860
0184  | 8.000000e-03 | 1.400000e-01 |  0.0560  0.0870
0185  | 1.000000e-02 | 1.400000e-01 |     NaN     NaN
0186  | 1.200000e-02 | 1.400000e-01 |  0.0820  0.3020
0187  | 1.400000e-02 | 1.400000e-01 |  0.1060  0.2880
0188  | 1.600000e-02 | 1.400000e-01 |  0.1280  0.2780
0189  | 1.800000e-02 | 1.400000e-01 |  0.1490  0.2710
0190  | 2.000000e-02 | 1.400000e-01 |  0.1690  0.2660
0191  | 2.200000e-02 | 1.400000e-01 |  0.1870  0.2630
0192  | 2.400000e-02 | 1.400000e-01 |  0.2040  0.2600
0193  | 2.600000e-02 | 1.400000e-01 |  0.2200  0.2580
0194  | 2.800000e-02 | 1.400000e-01 |  0.2340  0.2570
0195  | 3.000000e-02 | 1.400000e-01 |  0.2480  0.2560
0196  | 2.000000e-03 | 1.600000e-01 |  0.0620  0.0900
0197  | 4.000000e-03 | 1.600000e-01 |  0.0620  0.0910
0198  | 6.000000e-03 | 1.600000e-01 |  0.0620  0.0910
0199  | 8.000000e-03 | 1.600000e-01 |  0.0630  0.0930
0200  | 1.000000e-02 | 1.600000e-01 |  0.0630  0.0940
0201  | 1.200000e-02 | 1.600000e-01 |  0.0630  0.0970
0202  | 1.400000e-02 | 1.600000e-01 |  0.0800  0.3410
0203  | 1.600000e-02 | 1.600000e-01 |  0.1010  0.3270
0204  | 1.800000e-02 | 1.600000e-01 |  0.1230  0.3160
0205  | 2.000000e-02 | 1.600000e-01 |  0.1440  0.3090
0206  | 2.200000e-02 | 1.600000e-01 |  0.1630  0.3040
0207  | 2.400000e-02 | 1.600000e-01 |  0.1810  0.3000
0208  | 2.600000e-02 | 1.600000e-01 |  0.1980  0.2970
0209  | 2.800000e-02 | 1.600000e-01 |  0.2140  0.2950
0210  | 3.000000e-02 | 1.600000e-01 |  0.2290  0.2930
0211  | 2.000000e-03 | 1.800000e-01 |  0.0680  0.0960
0212  | 4.000000e-03 | 1.800000e-01 |  0.0680  0.0970
0213  | 6.000000e-03 | 1.800000e-01 |  0.0680  0.0980
0214  | 8.000000e-03 | 1.800000e-01 |  0.0690  0.1000
0215  | 1.000000e-02 | 1.800000e-01 |  0.0690  0.1010
0216  | 1.200000e-02 | 1.800000e-01 |  0.0680  0.1040
0217  | 1.400000e-02 | 1.800000e-01 |  0.0680  0.1060
0218  | 1.600000e-02 | 1.800000e-01 |     NaN     NaN
0219  | 1.800000e-02 | 1.800000e-01 |  0.0940  0.3680
0220  | 2.000000e-02 | 1.800000e-01 |  0.1160  0.3560
0221  | 2.200000e-02 | 1.800000e-01 |  0.1360  0.3480
0222  | 2.400000e-02 | 1.800000e-01 |  0.1550  0.3420
0223  | 2.600000e-02 | 1.800000e-01 |  0.1730  0.3380
0224  | 2.800000e-02 | 1.800000e-01 |  0.1900  0.3340
0225  | 3.000000e-02 | 1.800000e-01 |  0.2060  0.3320
0226  | 2.000000e-03 | 2.000000e-01 |  0.0730  0.1030
0227  | 4.000000e-03 | 2.000000e-01 |  0.0730  0.1040
0228  | 6.000000e-03 | 2.000000e-01 |  0.0730  0.1050
0229  | 8.000000e-03 | 2.000000e-01 |  0.0730  0.1070
0230  | 1.000000e-02 | 2.000000e-01 |  0.0730  0.1090
0231  | 1.200000e-02 | 2.000000e-01 |  0.0720  0.1110
0232  | 1.400000e-02 | 2.000000e-01 |  0.0710  0.1140
0233  | 1.600000e-02 | 2.000000e-01 |  0.0700  0.1160
0234  | 1.800000e-02 | 2.000000e-01 |  0.0670  0.1190
0235  | 2.000000e-02 | 2.000000e-01 |  0.0810  0.4160
0236  | 2.200000e-02 | 2.000000e-01 |  0.1030  0.4000
0237  | 2.400000e-02 | 2.000000e-01 |  0.1250  0.3890
0238  | 2.600000e-02 | 2.000000e-01 |  0.1450  0.3820
0239  | 2.800000e-02 | 2.000000e-01 |  0.1640  0.3770
0240  | 3.000000e-02 | 2.000000e-01 |  0.1810  0.3730
0241  | 2.000000e-03 | 2.200000e-01 |  0.0770  0.1110
0242  | 4.000000e-03 | 2.200000e-01 |  0.0770  0.1120
0243  | 6.000000e-03 | 2.200000e-01 |  0.0770  0.1130
0244  | 8.000000e-03 | 2.200000e-01 |  0.0760  0.1150
0245  | 1.000000e-02 | 2.200000e-01 |  0.0750  0.1170
0246  | 1.200000e-02 | 2.200000e-01 |  0.0740  0.1190
0247  | 1.400000e-02 | 2.200000e-01 |  0.0730  0.1210
0248  | 1.600000e-02 | 2.200000e-01 |  0.0710  0.1230
0249  | 1.800000e-02 | 2.200000e-01 |  0.0680  0.1250
0250  | 2.000000e-02 | 2.200000e-01 |     NaN     NaN
0251  | 2.200000e-02 | 2.200000e-01 |  0.0790  0.4740
0252  | 2.400000e-02 | 2.200000e-01 |  0.0920  0.4540
0253  | 2.600000e-02 | 2.200000e-01 |  0.1110  0.4370
0254  | 2.800000e-02 | 2.200000e-01 |  0.1320  0.4260
0255  | 3.000000e-02 | 2.200000e-01 |  0.1520  0.4190
0256  | 2.000000e-03 | 2.400000e-01 |  0.0810  0.1190
0257  | 4.000000e-03 | 2.400000e-01 |  0.0800  0.1200
0258  | 6.000000e-03 | 2.400000e-01 |  0.0790  0.1220
0259  | 8.000000e-03 | 2.400000e-01 |  0.0780  0.1230
0260  | 1.000000e-02 | 2.400000e-01 |  0.0770  0.1250
0261  | 1.200000e-02 | 2.400000e-01 |  0.0760  0.1260
0262  | 1.400000e-02 | 2.400000e-01 |  0.0740  0.1280
0263  | 1.600000e-02 | 2.400000e-01 |  0.0720  0.1300
0264  | 1.800000e-02 | 2.400000e-01 |     NaN     NaN
0265  | 2.000000e-02 | 2.400000e-01 |  0.0760  0.5520
0266  | 2.200000e-02 | 2.400000e-01 |  0.0810  0.5390
0267  | 2.400000e-02 | 2.400000e-01 |  0.0880  0.5240
0268  | 2.600000e-02 | 2.400000e-01 |  0.0960  0.5080
0269  | 2.800000e-02 | 2.400000e-01 |  0.1070  0.4920
0270  | 3.000000e-02 | 2.400000e-01 |  0.1230  0.4770
0271  | 2.000000e-03 | 2.600000e-01 |     NaN     NaN
0272  | 4.000000e-03 | 2.600000e-01 |     NaN     NaN
0273  | 6.000000e-03 | 2.600000e-01 |  0.0810  0.1310
0274  | 8.000000e-03 | 2.600000e-01 |     NaN     NaN
0275  | 1.000000e-02 | 2.600000e-01 |     NaN     NaN
0276  | 1.200000e-02 | 2.600000e-01 |     NaN     NaN
0277  | 1.400000e-02 | 2.600000e-01 |     NaN     NaN
0278  | 1.600000e-02 | 2.600000e-01 |     NaN     NaN
0279  | 1.800000e-02 | 2.600000e-01 |     NaN     NaN
0280  | 2.000000e-02 | 2.600000e-01 |     NaN     NaN
0281  | 2.200000e-02 | 2.600000e-01 |  0.0850  0.5870
0282  | 2.400000e-02 | 2.600000e-01 |  0.0900  0.5760
0283  | 2.600000e-02 | 2.600000e-01 |  0.0960  0.5640
0284  | 2.800000e-02 | 2.600000e-01 |  0.1040  0.5520
0285  | 3.000000e-02 | 2.600000e-01 |  0.1120  0.5390
0286  | 2.000000e-03 | 2.800000e-01 |     NaN     NaN
0287  | 4.000000e-03 | 2.800000e-01 |     NaN     NaN
0288  | 6.000000e-03 | 2.800000e-01 |     NaN     NaN
0289  | 8.000000e-03 | 2.800000e-01 |     NaN     NaN
0290  | 1.000000e-02 | 2.800000e-01 |     NaN     NaN
0291  | 1.200000e-02 | 2.800000e-01 |     NaN     NaN
0292  | 1.400000e-02 | 2.800000e-01 |     NaN     NaN
0293  | 1.600000e-02 | 2.800000e-01 |     NaN     NaN
0294  | 1.800000e-02 | 2.800000e-01 |     NaN     NaN
0295  | 2.000000e-02 | 2.800000e-01 |     NaN     NaN
0296  | 2.200000e-02 | 2.800000e-01 |     NaN     NaN
0297  | 2.400000e-02 | 2.800000e-01 |  0.0900  0.6190
0298  | 2.600000e-02 | 2.800000e-01 |  0.0950  0.6110
0299  | 2.800000e-02 | 2.800000e-01 |  0.1010  0.6010
0300  | 3.000000e-02 | 2.800000e-01 |  0.1090  0.5900
0016  | 2.000000e-03 | 3.000000e-01 |     NaN     NaN
0017  | 4.000000e-03 | 3.000000e-01 |     NaN     NaN
0018  | 6.000000e-03 | 3.000000e-01 |     NaN     NaN
0019  | 8.000000e-03 | 3.000000e-01 |     NaN     NaN
0020  | 1.000000e-02 | 3.000000e-01 |  0.0930  0.2910
0021  | 1.200000e-02 | 3.000000e-01 |  0.0930  0.2910
0022  | 1.400000e-02 | 3.000000e-01 |  0.0930  0.2920
0023  | 1.600000e-02 | 3.000000e-01 |  0.0930  0.2930
0024  | 1.800000e-02 | 3.000000e-01 |  0.0930  0.2940
0025  | 2.000000e-02 | 3.000000e-01 |  0.0920  0.2950
0026  | 2.200000e-02 | 3.000000e-01 |  0.0920  0.2950
0027  | 2.400000e-02 | 3.000000e-01 |     NaN     NaN
0028  | 2.600000e-02 | 3.000000e-01 |     NaN     NaN
0029  | 2.800000e-02 | 3.000000e-01 |  0.0990  0.6420
0030  | 3.000000e-02 | 3.000000e-01 |  0.1050  0.6330
0031  | 2.000000e-03 | 4.000000e-01 |  0.1150  0.3290
0032  | 4.000000e-03 | 4.000000e-01 |  0.1180  0.3270
0033  | 6.000000e-03 | 4.000000e-01 |  0.1200  0.3290
0034  | 8.000000e-03 | 4.000000e-01 |  0.1210  0.3310
0035  | 1.000000e-02 | 4.000000e-01 |  0.1210  0.3320
0036  | 1.200000e-02 | 4.000000e-01 |  0.1210  0.3330
0037  | 1.400000e-02 | 4.000000e-01 |  0.1210  0.3340
0038  | 1.600000e-02 | 4.000000e-01 |  0.1210  0.3360
0039  | 1.800000e-02 | 4.000000e-01 |  0.1200  0.3370
0040  | 2.000000e-02 | 4.000000e-01 |  0.1210  0.3380
0041  | 2.200000e-02 | 4.000000e-01 |  0.1190  0.3370
0042  | 2.400000e-02 | 4.000000e-01 |  0.1180  0.3380
0043  | 2.600000e-02 | 4.000000e-01 |  0.1180  0.3390
0044  | 2.800000e-02 | 4.000000e-01 |  0.1180  0.3390
0045  | 3.000000e-02 | 4.000000e-01 |  0.1170  0.3380
0046  | 2.000000e-03 | 5.000000e-01 |  0.1410  0.3760
0047  | 4.000000e-03 | 5.000000e-01 |  0.1360  0.3830
0048  | 6.000000e-03 | 5.000000e-01 |  0.1340  0.3860
0049  | 8.000000e-03 | 5.000000e-01 |     NaN     NaN
0050  | 1.000000e-02 | 5.000000e-01 |  0.1300  0.4100
0051  | 1.200000e-02 | 5.000000e-01 |  0.1330  0.4120
0052  | 1.400000e-02 | 5.000000e-01 |  0.1340  0.4160
0053  | 1.600000e-02 | 5.000000e-01 |  0.1350  0.4190
0054  | 1.800000e-02 | 5.000000e-01 |  0.1340  0.4210
0055  | 2.000000e-02 | 5.000000e-01 |  0.1340  0.4240
0056  | 2.200000e-02 | 5.000000e-01 |  0.1330  0.4260
0057  | 2.400000e-02 | 5.000000e-01 |  0.1330  0.4290
0058  | 2.600000e-02 | 5.000000e-01 |  0.1310  0.4310
0059  | 2.800000e-02 | 5.000000e-01 |  0.1300  0.4330
0060  | 3.000000e-02 | 5.000000e-01 |  0.1290  0.4350
0061  | 2.000000e-03 | 6.000000e-01 |  0.1620  0.4540
0062  | 4.000000e-03 | 6.000000e-01 |  0.1580  0.4590
0063  | 6.000000e-03 | 6.000000e-01 |  0.1550  0.4630
0064  | 8.000000e-03 | 6.000000e-01 |  0.1530  0.4670
0065  | 1.000000e-02 | 6.000000e-01 |  0.1510  0.4690
0066  | 1.200000e-02 | 6.000000e-01 |  0.1490  0.4720
0067  | 1.400000e-02 | 6.000000e-01 |  0.1470  0.4740
0068  | 1.600000e-02 | 6.000000e-01 |  0.1450  0.4760
0069  | 1.800000e-02 | 6.000000e-01 |  0.1430  0.4780
0070  | 2.000000e-02 | 6.000000e-01 |  0.1400  0.4800
0071  | 2.200000e-02 | 6.000000e-01 |  0.1380  0.4810
0072  | 2.400000e-02 | 6.000000e-01 |  0.1360  0.4830
0073  | 2.600000e-02 | 6.000000e-01 |  0.1330  0.4840
0074  | 2.800000e-02 | 6.000000e-01 |  0.1310  0.4850
0075  | 3.000000e-02 | 6.000000e-01 |  0.1280  0.4860
0076  | 2.000000e-03 | 7.000000e-01 |  0.1700  0.5250
0077  | 4.000000e-03 | 7.000000e-01 |  0.1640  0.5260
0078  | 6.000000e-03 | 7.000000e-01 |  0.1590  0.5280
0079  | 8.000000e-03 | 7.000000e-01 |  0.1540  0.5290
0080  | 1.000000e-02 | 7.000000e-01 |  0.1500  0.5290
0081  | 1.200000e-02 | 7.000000e-01 |  0.1460  0.5300
0082  | 1.400000e-02 | 7.000000e-01 |  0.1430  0.5310
0083  | 1.600000e-02 | 7.000000e-01 |  0.1390  0.5310
0084  | 1.800000e-02 | 7.000000e-01 |  0.1360  0.5320
0085  | 2.000000e-02 | 7.000000e-01 |  0.1330  0.5320
0086  | 2.200000e-02 | 7.000000e-01 |  0.1290  0.5330
0087  | 2.400000e-02 | 7.000000e-01 |  0.1260  0.5330
0088  | 2.600000e-02 | 7.000000e-01 |  0.1230  0.5330
0089  | 2.800000e-02 | 7.000000e-01 |  0.1200  0.5330
0090  | 3.000000e-02 | 7.000000e-01 |  0.1170  0.5320
0091  | 2.000000e-03 | 8.000000e-01 |  0.1610  0.5910
0092  | 4.000000e-03 | 8.000000e-01 |  0.1540  0.5880
0093  | 6.000000e-03 | 8.000000e-01 |  0.1480  0.5860
0094  | 8.000000e-03 | 8.000000e-01 |  0.1430  0.5840
0095  | 1.000000e-02 | 8.000000e-01 |  0.1380  0.5820
0096  | 1.200000e-02 | 8.000000e-01 |  0.1330  0.5810
0097  | 1.400000e-02 | 8.000000e-01 |  0.1290  0.5790
0098  | 1.600000e-02 | 8.000000e-01 |  0.1250  0.5780
0099  | 1.800000e-02 | 8.000000e-01 |  0.1210  0.5770
0100  | 2.000000e-02 | 8.000000e-01 |  0.1170  0.5760
0101  | 2.200000e-02 | 8.000000e-01 |  0.1130  0.5740
0102  | 2.400000e-02 | 8.000000e-01 |  0.1100  0.5730
0103  | 2.600000e-02 | 8.000000e-01 |  0.1060  0.5720
0104  | 2.800000e-02 | 8.000000e-01 |  0.1030  0.5700
0105  | 3.000000e-02 | 8.000000e-01 |     NaN     NaN
0106  | 2.000000e-03 | 9.000000e-01 |  0.1320  0.6430
0107  | 4.000000e-03 | 9.000000e-01 |  0.1270  0.6360
0108  | 6.000000e-03 | 9.000000e-01 |  0.1230  0.6300
0109  | 8.000000e-03 | 9.000000e-01 |  0.1190  0.6250
0110  | 1.000000e-02 | 9.000000e-01 |  0.1150  0.6210
0111  | 1.200000e-02 | 9.000000e-01 |  0.1110  0.6170
0112  | 1.400000e-02 | 9.000000e-01 |  0.1080  0.6130
0113  | 1.600000e-02 | 9.000000e-01 |  0.1040  0.6100
0114  | 1.800000e-02 | 9.000000e-01 |  0.1010  0.6080
0115  | 2.000000e-02 | 0.000000e+00 |     NaN     NaN
0116  | 2.200000e-02 | 0.000000e+00 |     NaN     NaN
0117  | 2.400000e-02 | 0.000000e+00 |     NaN     NaN
0118  | 2.600000e-02 | 0.000000e+00 |     NaN     NaN
0119  | 2.800000e-02 | 0.000000e+00 |     NaN     NaN
0120  | 3.000000e-02 | 0.000000e+00 |     NaN     NaN
