0001  | 2.000000e-03 | 1.000000e-03 |  0.0100 -0.0250
0002  | 4.000000e-03 | 1.000000e-03 |  0.0150 -0.0170
0003  | 6.000000e-03 | 1.000000e-03 |  0.0160 -0.0110
0004  | 8.000000e-03 | 1.000000e-03 |     NaN     NaN
0005  | 1.000000e-02 | 1.000000e-03 |  0.0170 -0.0160
0006  | 1.200000e-02 | 1.000000e-03 |  0.0190 -0.0130
0007  | 1.400000e-02 | 1.000000e-03 |  0.0200 -0.0120
0008  | 1.600000e-02 | 1.000000e-03 |  0.0210 -0.0110
0009  | 1.800000e-02 | 1.000000e-03 |  0.0220 -0.0090
0010  | 2.000000e-02 | 1.000000e-03 |  0.0230 -0.0080
0011  | 2.200000e-02 | 1.000000e-03 |  0.0240 -0.0070
0012  | 2.400000e-02 | 1.000000e-03 |  0.0250 -0.0050
0013  | 2.600000e-02 | 1.000000e-03 |  0.0260 -0.0040
0014  | 2.800000e-02 | 1.000000e-03 |  0.0270 -0.0030
0015  | 3.000000e-02 | 1.000000e-03 |  0.0280 -0.0020
0031  | 2.000000e-03 | 1.000000e-02 |     NaN     NaN
0032  | 4.000000e-03 | 1.000000e-02 |  0.0110 -0.0300
0033  | 6.000000e-03 | 1.000000e-02 |  0.0380 -0.0140
0034  | 8.000000e-03 | 1.000000e-02 |  0.0640  0.0020
0035  | 1.000000e-02 | 1.000000e-02 |  0.0870  0.0150
0036  | 1.200000e-02 | 1.000000e-02 |  0.1080  0.0260
0037  | 1.400000e-02 | 1.000000e-02 |  0.1280  0.0340
0038  | 1.600000e-02 | 1.000000e-02 |  0.1470  0.0410
0039  | 1.800000e-02 | 1.000000e-02 |  0.1650  0.0460
0040  | 2.000000e-02 | 1.000000e-02 |  0.1810  0.0510
0041  | 2.200000e-02 | 1.000000e-02 |  0.1970  0.0550
0042  | 2.400000e-02 | 1.000000e-02 |  0.2110  0.0580
0043  | 2.600000e-02 | 1.000000e-02 |  0.2250  0.0610
0044  | 2.800000e-02 | 1.000000e-02 |  0.2380  0.0640
0045  | 3.000000e-02 | 1.000000e-02 |  0.2510  0.0660
0046  | 2.000000e-03 | 2.000000e-02 |     NaN     NaN
0047  | 4.000000e-03 | 2.000000e-02 |     NaN     NaN
0048  | 6.000000e-03 | 2.000000e-02 |  0.0260  0.0140
0049  | 8.000000e-03 | 2.000000e-02 |  0.0630  0.0240
0050  | 1.000000e-02 | 2.000000e-02 |  0.0930  0.0320
0051  | 1.200000e-02 | 2.000000e-02 |  0.1180  0.0380
0052  | 1.400000e-02 | 2.000000e-02 |  0.1400  0.0420
0053  | 1.600000e-02 | 2.000000e-02 |  0.1600  0.0450
0054  | 1.800000e-02 | 2.000000e-02 |  0.1780  0.0470
0055  | 2.000000e-02 | 2.000000e-02 |  0.1950  0.0490
0056  | 2.200000e-02 | 2.000000e-02 |  0.2110  0.0510
0057  | 2.400000e-02 | 2.000000e-02 |  0.2250  0.0520
0058  | 2.600000e-02 | 2.000000e-02 |  0.2390  0.0540
0059  | 2.800000e-02 | 2.000000e-02 |  0.2530  0.0550
0060  | 3.000000e-02 | 2.000000e-02 |  0.2650  0.0560
0061  | 2.000000e-03 | 3.000000e-02 |     NaN     NaN
0062  | 4.000000e-03 | 3.000000e-02 |     NaN     NaN
0063  | 6.000000e-03 | 3.000000e-02 |  0.0150  0.0290
0064  | 8.000000e-03 | 3.000000e-02 |  0.0550  0.0440
0065  | 1.000000e-02 | 3.000000e-02 |  0.0890  0.0500
0066  | 1.200000e-02 | 3.000000e-02 |  0.1160  0.0540
0067  | 1.400000e-02 | 3.000000e-02 |  0.1400  0.0560
0068  | 1.600000e-02 | 3.000000e-02 |  0.1600  0.0580
0069  | 1.800000e-02 | 3.000000e-02 |  0.1790  0.0590
0070  | 2.000000e-02 | 3.000000e-02 |  0.1960  0.0610
0071  | 2.200000e-02 | 3.000000e-02 |  0.2120  0.0620
0072  | 2.400000e-02 | 3.000000e-02 |  0.2260  0.0630
0073  | 2.600000e-02 | 3.000000e-02 |  0.2400  0.0640
0074  | 2.800000e-02 | 3.000000e-02 |  0.2540  0.0640
0075  | 3.000000e-02 | 3.000000e-02 |  0.2670  0.0650
0076  | 2.000000e-03 | 4.000000e-02 |     NaN     NaN
0077  | 4.000000e-03 | 4.000000e-02 |     NaN     NaN
0078  | 6.000000e-03 | 4.000000e-02 |     NaN     NaN
0079  | 8.000000e-03 | 4.000000e-02 |  0.0420  0.0600
0080  | 1.000000e-02 | 4.000000e-02 |  0.0810  0.0680
0081  | 1.200000e-02 | 4.000000e-02 |  0.1110  0.0710
0082  | 1.400000e-02 | 4.000000e-02 |  0.1350  0.0730
0083  | 1.600000e-02 | 4.000000e-02 |  0.1570  0.0740
0084  | 1.800000e-02 | 4.000000e-02 |  0.1760  0.0750
0085  | 2.000000e-02 | 4.000000e-02 |  0.1930  0.0750
0086  | 2.200000e-02 | 4.000000e-02 |  0.2090  0.0760
0087  | 2.400000e-02 | 4.000000e-02 |  0.2240  0.0770
0088  | 2.600000e-02 | 4.000000e-02 |  0.2380  0.0770
0089  | 2.800000e-02 | 4.000000e-02 |  0.2520  0.0780
0090  | 3.000000e-02 | 4.000000e-02 |  0.2650  0.0790
0091  | 2.000000e-03 | 5.000000e-02 |  0.0140  0.0650
0092  | 4.000000e-03 | 5.000000e-02 |     NaN     NaN
0093  | 6.000000e-03 | 5.000000e-02 |     NaN     NaN
0094  | 8.000000e-03 | 5.000000e-02 |  0.0210  0.0650
0095  | 1.000000e-02 | 5.000000e-02 |  0.0660  0.0860
0096  | 1.200000e-02 | 5.000000e-02 |  0.1020  0.0890
0097  | 1.400000e-02 | 5.000000e-02 |  0.1280  0.0900
0098  | 1.600000e-02 | 5.000000e-02 |  0.1510  0.0910
0099  | 1.800000e-02 | 5.000000e-02 |  0.1710  0.0910
0100  | 2.000000e-02 | 5.000000e-02 |  0.1890  0.0910
0101  | 2.200000e-02 | 5.000000e-02 |  0.2050  0.0920
0102  | 2.400000e-02 | 5.000000e-02 |  0.2210  0.0920
0103  | 2.600000e-02 | 5.000000e-02 |  0.2350  0.0930
0104  | 2.800000e-02 | 5.000000e-02 |  0.2490  0.0930
0105  | 3.000000e-02 | 5.000000e-02 |  0.2620  0.0940
0106  | 2.000000e-03 | 6.000000e-02 |  0.0190  0.0660
0107  | 4.000000e-03 | 6.000000e-02 |     NaN     NaN
0108  | 6.000000e-03 | 6.000000e-02 |     NaN     NaN
0109  | 8.000000e-03 | 6.000000e-02 |     NaN     NaN
0110  | 1.000000e-02 | 6.000000e-02 |  0.0350  0.0960
0111  | 1.200000e-02 | 6.000000e-02 |  0.0880  0.1100
0112  | 1.400000e-02 | 6.000000e-02 |  0.1190  0.1090
0113  | 1.600000e-02 | 6.000000e-02 |  0.1430  0.1090
0114  | 1.800000e-02 | 6.000000e-02 |  0.1640  0.1080
0115  | 2.000000e-02 | 6.000000e-02 |  0.1830  0.1080
0116  | 2.200000e-02 | 6.000000e-02 |  0.2000  0.1080
0117  | 2.400000e-02 | 6.000000e-02 |  0.2160  0.1090
0118  | 2.600000e-02 | 6.000000e-02 |  0.2300  0.1090
0119  | 2.800000e-02 | 6.000000e-02 |  0.2440  0.1090
0120  | 3.000000e-02 | 6.000000e-02 |  0.2580  0.1100
0121  | 2.000000e-03 | 7.000000e-02 |  0.0240  0.0660
0122  | 4.000000e-03 | 7.000000e-02 |  0.0240  0.0660
0123  | 6.000000e-03 | 7.000000e-02 |  0.0250  0.0670
0124  | 8.000000e-03 | 7.000000e-02 |     NaN     NaN
0125  | 1.000000e-02 | 7.000000e-02 |  0.0430  0.1680
0126  | 1.200000e-02 | 7.000000e-02 |  0.0710  0.1380
0127  | 1.400000e-02 | 7.000000e-02 |  0.1070  0.1300
0128  | 1.600000e-02 | 7.000000e-02 |  0.1330  0.1280
0129  | 1.800000e-02 | 7.000000e-02 |  0.1560  0.1270
0130  | 2.000000e-02 | 7.000000e-02 |  0.1750  0.1260
0131  | 2.200000e-02 | 7.000000e-02 |  0.1930  0.1260
0132  | 2.400000e-02 | 7.000000e-02 |  0.2090  0.1260
0133  | 2.600000e-02 | 7.000000e-02 |  0.2240  0.1260
0134  | 2.800000e-02 | 7.000000e-02 |  0.2390  0.1260
0135  | 3.000000e-02 | 7.000000e-02 |  0.2530  0.1270
0136  | 2.000000e-03 | 8.000000e-02 |  0.0290  0.0670
0137  | 4.000000e-03 | 8.000000e-02 |  0.0290  0.0670
0138  | 6.000000e-03 | 8.000000e-02 |  0.0290  0.0680
0139  | 8.000000e-03 | 8.000000e-02 |     NaN     NaN
0140  | 1.000000e-02 | 8.000000e-02 |  0.0430  0.1950
0141  | 1.200000e-02 | 8.000000e-02 |  0.0640  0.1720
0142  | 1.400000e-02 | 8.000000e-02 |  0.0940  0.1550
0143  | 1.600000e-02 | 8.000000e-02 |  0.1220  0.1490
0144  | 1.800000e-02 | 8.000000e-02 |  0.1460  0.1460
0145  | 2.000000e-02 | 8.000000e-02 |  0.1660  0.1450
0146  | 2.200000e-02 | 8.000000e-02 |  0.1850  0.1440
0147  | 2.400000e-02 | 8.000000e-02 |  0.2020  0.1430
0148  | 2.600000e-02 | 8.000000e-02 |  0.2170  0.1430
0149  | 2.800000e-02 | 8.000000e-02 |  0.2320  0.1430
0150  | 3.000000e-02 | 8.000000e-02 |  0.2460  0.1440
0151  | 2.000000e-03 | 9.000000e-02 |  0.0330  0.0690
0152  | 4.000000e-03 | 9.000000e-02 |  0.0330  0.0690
0153  | 6.000000e-03 | 9.000000e-02 |  0.0340  0.0690
0154  | 8.000000e-03 | 9.000000e-02 |  0.0340  0.0690
0155  | 1.000000e-02 | 9.000000e-02 |     NaN     NaN
0156  | 1.200000e-02 | 9.000000e-02 |  0.0580  0.2010
0157  | 1.400000e-02 | 9.000000e-02 |  0.0830  0.1830
0158  | 1.600000e-02 | 9.000000e-02 |  0.1100  0.1720
0159  | 1.800000e-02 | 9.000000e-02 |  0.1350  0.1670
0160  | 2.000000e-02 | 9.000000e-02 |  0.1560  0.1640
0161  | 2.200000e-02 | 9.000000e-02 |  0.1760  0.1620
0162  | 2.400000e-02 | 9.000000e-02 |  0.1930  0.1620
0163  | 2.600000e-02 | 9.000000e-02 |  0.2090  0.1610
0164  | 2.800000e-02 | 9.000000e-02 |  0.2250  0.1610
0165  | 3.000000e-02 | 9.000000e-02 |  0.2390  0.1610
0166  | 2.000000e-03 | 1.000000e-01 |  0.0370  0.0700
0167  | 4.000000e-03 | 1.000000e-01 |  0.0370  0.0700
0168  | 6.000000e-03 | 1.000000e-01 |  0.0380  0.0710
0169  | 8.000000e-03 | 1.000000e-01 |  0.0380  0.0710
0170  | 1.000000e-02 | 1.000000e-01 |  0.0380  0.0720
0171  | 1.200000e-02 | 1.000000e-01 |  0.0500  0.2300
0172  | 1.400000e-02 | 1.000000e-01 |  0.0730  0.2100
0173  | 1.600000e-02 | 1.000000e-01 |  0.0990  0.1970
0174  | 1.800000e-02 | 1.000000e-01 |  0.1230  0.1890
0175  | 2.000000e-02 | 1.000000e-01 |  0.1450  0.1850
0176  | 2.200000e-02 | 1.000000e-01 |  0.1650  0.1820
0177  | 2.400000e-02 | 1.000000e-01 |  0.1840  0.1800
0178  | 2.600000e-02 | 1.000000e-01 |  0.2000  0.1790
0179  | 2.800000e-02 | 1.000000e-01 |  0.2160  0.1790
0180  | 3.000000e-02 | 1.000000e-01 |  0.2310  0.1790
0181  | 2.000000e-03 | 1.200000e-01 |  0.0440  0.0740
0182  | 4.000000e-03 | 1.200000e-01 |  0.0450  0.0740
0183  | 6.000000e-03 | 1.200000e-01 |  0.0450  0.0740
0184  | 8.000000e-03 | 1.200000e-01 |  0.0450  0.0750
0185  | 1.000000e-02 | 1.200000e-01 |  0.0460  0.0750
0186  | 1.200000e-02 | 1.200000e-01 |  0.0460  0.0750
0187  | 1.400000e-02 | 1.200000e-01 |     NaN     NaN
0188  | 1.600000e-02 | 1.200000e-01 |  0.0750  0.2510
0189  | 1.800000e-02 | 1.200000e-01 |  0.0980  0.2380
0190  | 2.000000e-02 | 1.200000e-01 |  0.1210  0.2290
0191  | 2.200000e-02 | 1.200000e-01 |  0.1420  0.2240
0192  | 2.400000e-02 | 1.200000e-01 |  0.1620  0.2210
0193  | 2.600000e-02 | 1.200000e-01 |  0.1800  0.2180
0194  | 2.800000e-02 | 1.200000e-01 |  0.1970  0.2170
0195  | 3.000000e-02 | 1.200000e-01 |  0.2130  0.2160
0196  | 2.000000e-03 | 1.400000e-01 |  0.0500  0.0780
0197  | 4.000000e-03 | 1.400000e-01 |  0.0500  0.0790
0198  | 6.000000e-03 | 1.400000e-01 |  0.0510  0.0790
0199  | 8.000000e-03 | 1.400000e-01 |  0.0510  0.0790
0200  | 1.000000e-02 | 1.400000e-01 |  0.0520  0.0800
0201  | 1.200000e-02 | 1.400000e-01 |  0.0520  0.0800
0202  | 1.400000e-02 | 1.400000e-01 |  0.0530  0.0820
0203  | 1.600000e-02 | 1.400000e-01 |     NaN     NaN
0204  | 1.800000e-02 | 1.400000e-01 |  0.0730  0.2930
0205  | 2.000000e-02 | 1.400000e-01 |  0.0940  0.2800
0206  | 2.200000e-02 | 1.400000e-01 |  0.1150  0.2700
0207  | 2.400000e-02 | 1.400000e-01 |  0.1360  0.2640
0208  | 2.600000e-02 | 1.400000e-01 |  0.1560  0.2600
0209  | 2.800000e-02 | 1.400000e-01 |  0.1740  0.2570
0210  | 3.000000e-02 | 1.400000e-01 |  0.1910  0.2560
0211  | 2.000000e-03 | 1.600000e-01 |  0.0550  0.0830
0212  | 4.000000e-03 | 1.600000e-01 |  0.0560  0.0830
0213  | 6.000000e-03 | 1.600000e-01 |  0.0560  0.0840
0214  | 8.000000e-03 | 1.600000e-01 |  0.0560  0.0840
0215  | 1.000000e-02 | 1.600000e-01 |  0.0570  0.0850
0216  | 1.200000e-02 | 1.600000e-01 |  0.0570  0.0860
0217  | 1.400000e-02 | 1.600000e-01 |  0.0580  0.0870
0218  | 1.600000e-02 | 1.600000e-01 |  0.0580  0.0890
0219  | 1.800000e-02 | 1.600000e-01 |  0.0580  0.0910
0220  | 2.000000e-02 | 1.600000e-01 |     NaN     NaN
0221  | 2.200000e-02 | 1.600000e-01 |  0.0860  0.3220
0222  | 2.400000e-02 | 1.600000e-01 |  0.1080  0.3120
0223  | 2.600000e-02 | 1.600000e-01 |  0.1280  0.3050
0224  | 2.800000e-02 | 1.600000e-01 |  0.1480  0.3010
0225  | 3.000000e-02 | 1.600000e-01 |  0.1670  0.2970
0226  | 2.000000e-03 | 1.800000e-01 |  0.0600  0.0890
0227  | 4.000000e-03 | 1.800000e-01 |  0.0600  0.0890
0228  | 6.000000e-03 | 1.800000e-01 |  0.0610  0.0890
0229  | 8.000000e-03 | 1.800000e-01 |  0.0610  0.0900
0230  | 1.000000e-02 | 1.800000e-01 |  0.0610  0.0910
0231  | 1.200000e-02 | 1.800000e-01 |  0.0610  0.0920
0232  | 1.400000e-02 | 1.800000e-01 |  0.0610  0.0940
0233  | 1.600000e-02 | 1.800000e-01 |  0.0610  0.0950
0234  | 1.800000e-02 | 1.800000e-01 |  0.0610  0.0970
0235  | 2.000000e-02 | 1.800000e-01 |  0.0610  0.1000
0236  | 2.200000e-02 | 1.800000e-01 |  0.0590  0.1020
0237  | 2.400000e-02 | 1.800000e-01 |  0.0710  0.3700
0238  | 2.600000e-02 | 1.800000e-01 |  0.0950  0.3560
0239  | 2.800000e-02 | 1.800000e-01 |  0.1180  0.3480
0240  | 3.000000e-02 | 1.800000e-01 |  0.1390  0.3420
0241  | 2.000000e-03 | 2.000000e-01 |  0.0640  0.0950
0242  | 4.000000e-03 | 2.000000e-01 |  0.0640  0.0960
0243  | 6.000000e-03 | 2.000000e-01 |  0.0640  0.0960
0244  | 8.000000e-03 | 2.000000e-01 |  0.0650  0.0970
0245  | 1.000000e-02 | 2.000000e-01 |  0.0640  0.0970
0246  | 1.200000e-02 | 2.000000e-01 |  0.0640  0.0980
0247  | 1.400000e-02 | 2.000000e-01 |  0.0640  0.1000
0248  | 1.600000e-02 | 2.000000e-01 |  0.0630  0.1010
0249  | 1.800000e-02 | 2.000000e-01 |  0.0630  0.1030
0250  | 2.000000e-02 | 2.000000e-01 |  0.0620  0.1050
0251  | 2.200000e-02 | 2.000000e-01 |  0.0610  0.1080
0252  | 2.400000e-02 | 2.000000e-01 |  0.0590  0.1100
0253  | 2.600000e-02 | 2.000000e-01 |     NaN     NaN
0254  | 2.800000e-02 | 2.000000e-01 |  0.0810  0.4120
0255  | 3.000000e-02 | 2.000000e-01 |  0.1040  0.3960
0256  | 2.000000e-03 | 2.200000e-01 |     NaN     NaN
0257  | 4.000000e-03 | 2.200000e-01 |     NaN     NaN
0258  | 6.000000e-03 | 2.200000e-01 |     NaN     NaN
0259  | 8.000000e-03 | 2.200000e-01 |     NaN     NaN
0260  | 1.000000e-02 | 2.200000e-01 |     NaN     NaN
0261  | 1.200000e-02 | 2.200000e-01 |     NaN     NaN
0262  | 1.400000e-02 | 2.200000e-01 |     NaN     NaN
0263  | 1.600000e-02 | 2.200000e-01 |     NaN     NaN
0264  | 1.800000e-02 | 2.200000e-01 |     NaN     NaN
0265  | 2.000000e-02 | 2.200000e-01 |     NaN     NaN
0266  | 2.200000e-02 | 2.200000e-01 |     NaN     NaN
0267  | 2.400000e-02 | 2.200000e-01 |     NaN     NaN
0268  | 2.600000e-02 | 2.200000e-01 |     NaN     NaN
0269  | 2.800000e-02 | 2.200000e-01 |  0.0750  0.4870
0270  | 3.000000e-02 | 2.200000e-01 |  0.0850  0.4710
0271  | 2.000000e-03 | 2.400000e-01 |     NaN     NaN
0272  | 4.000000e-03 | 2.400000e-01 |     NaN     NaN
0273  | 6.000000e-03 | 2.400000e-01 |     NaN     NaN
0274  | 8.000000e-03 | 2.400000e-01 |     NaN     NaN
0275  | 1.000000e-02 | 2.400000e-01 |     NaN     NaN
0276  | 1.200000e-02 | 2.400000e-01 |     NaN     NaN
0277  | 1.400000e-02 | 2.400000e-01 |     NaN     NaN
0278  | 1.600000e-02 | 2.400000e-01 |     NaN     NaN
0279  | 1.800000e-02 | 2.400000e-01 |     NaN     NaN
0280  | 2.000000e-02 | 2.400000e-01 |     NaN     NaN
0281  | 2.200000e-02 | 2.400000e-01 |     NaN     NaN
0282  | 2.400000e-02 | 2.400000e-01 |     NaN     NaN
0283  | 2.600000e-02 | 2.400000e-01 |     NaN     NaN
0284  | 2.800000e-02 | 2.400000e-01 |     NaN     NaN
0285  | 3.000000e-02 | 2.400000e-01 |  0.0840  0.5300
0286  | 2.000000e-03 | 2.600000e-01 |     NaN     NaN
0287  | 4.000000e-03 | 2.600000e-01 |     NaN     NaN
0288  | 6.000000e-03 | 2.600000e-01 |     NaN     NaN
0289  | 8.000000e-03 | 2.600000e-01 |     NaN     NaN
0290  | 1.000000e-02 | 2.600000e-01 |  0.0820  0.2540
0291  | 1.200000e-02 | 2.600000e-01 |  0.0820  0.2540
0292  | 1.400000e-02 | 2.600000e-01 |  0.0830  0.2550
0293  | 1.600000e-02 | 2.600000e-01 |  0.0830  0.2560
0294  | 1.800000e-02 | 2.600000e-01 |  0.0820  0.2570
0295  | 2.000000e-02 | 2.600000e-01 |  0.0830  0.2570
0296  | 2.200000e-02 | 2.600000e-01 |  0.0830  0.2590
0297  | 2.400000e-02 | 2.600000e-01 |  0.0820  0.2590
0298  | 2.600000e-02 | 2.600000e-01 |  0.0820  0.2600
0299  | 2.800000e-02 | 2.600000e-01 |     NaN     NaN
0300  | 3.000000e-02 | 2.600000e-01 |     NaN     NaN
0301  | 2.000000e-03 | 2.800000e-01 |     NaN     NaN
0302  | 4.000000e-03 | 2.800000e-01 |  0.0890  0.2590
0303  | 6.000000e-03 | 2.800000e-01 |  0.0890  0.2590
0304  | 8.000000e-03 | 2.800000e-01 |  0.0890  0.2610
0305  | 1.000000e-02 | 2.800000e-01 |  0.0890  0.2600
0306  | 1.200000e-02 | 2.800000e-01 |  0.0900  0.2610
0307  | 1.400000e-02 | 2.800000e-01 |  0.0910  0.2620
0308  | 1.600000e-02 | 2.800000e-01 |  0.0910  0.2630
0309  | 1.800000e-02 | 2.800000e-01 |  0.0900  0.2640
0310  | 2.000000e-02 | 2.800000e-01 |  0.0900  0.2650
0311  | 2.200000e-02 | 2.800000e-01 |  0.0910  0.2660
0312  | 2.400000e-02 | 2.800000e-01 |  0.0910  0.2660
0313  | 2.600000e-02 | 2.800000e-01 |  0.0900  0.2670
0314  | 2.800000e-02 | 2.800000e-01 |  0.0900  0.2680
0315  | 3.000000e-02 | 2.800000e-01 |  0.0890  0.2680
0316  | 2.000000e-03 | 3.000000e-01 |  0.0960  0.2660
0317  | 4.000000e-03 | 3.000000e-01 |  0.0950  0.2670
0318  | 6.000000e-03 | 3.000000e-01 |  0.0950  0.2660
0319  | 8.000000e-03 | 3.000000e-01 |  0.0960  0.2670
0320  | 1.000000e-02 | 3.000000e-01 |  0.0960  0.2690
0321  | 1.200000e-02 | 3.000000e-01 |  0.0950  0.2690
0322  | 1.400000e-02 | 3.000000e-01 |  0.0950  0.2680
0323  | 1.600000e-02 | 3.000000e-01 |  0.0960  0.2690
0324  | 1.800000e-02 | 3.000000e-01 |  0.0970  0.2700
0325  | 2.000000e-02 | 3.000000e-01 |  0.0970  0.2710
0326  | 2.200000e-02 | 3.000000e-01 |  0.0970  0.2720
0327  | 2.400000e-02 | 3.000000e-01 |  0.0980  0.2730
0328  | 2.600000e-02 | 3.000000e-01 |  0.0980  0.2750
0329  | 2.800000e-02 | 3.000000e-01 |  0.0960  0.2750
0330  | 3.000000e-02 | 3.000000e-01 |  0.0950  0.2760
0331  | 2.000000e-03 | 4.000000e-01 |  0.1160  0.2960
0332  | 4.000000e-03 | 4.000000e-01 |  0.1190  0.3000
0333  | 6.000000e-03 | 4.000000e-01 |  0.1210  0.3040
0334  | 8.000000e-03 | 4.000000e-01 |  0.1220  0.3060
0335  | 1.000000e-02 | 4.000000e-01 |  0.1220  0.3090
0336  | 1.200000e-02 | 4.000000e-01 |  0.1220  0.3100
0337  | 1.400000e-02 | 4.000000e-01 |  0.1230  0.3130
0338  | 1.600000e-02 | 4.000000e-01 |  0.1220  0.3140
0339  | 1.800000e-02 | 4.000000e-01 |     NaN     NaN
0340  | 2.000000e-02 | 4.000000e-01 |  0.1170  0.3460
0341  | 2.200000e-02 | 4.000000e-01 |  0.1210  0.3490
0342  | 2.400000e-02 | 4.000000e-01 |  0.1220  0.3500
0343  | 2.600000e-02 | 4.000000e-01 |  0.1230  0.3530
0344  | 2.800000e-02 | 4.000000e-01 |  0.1230  0.3560
0345  | 3.000000e-02 | 4.000000e-01 |  0.1220  0.3590
0346  | 2.000000e-03 | 5.000000e-01 |  0.1480  0.3490
0347  | 4.000000e-03 | 5.000000e-01 |  0.1450  0.3570
0348  | 6.000000e-03 | 5.000000e-01 |  0.1440  0.3640
0349  | 8.000000e-03 | 5.000000e-01 |  0.1440  0.3700
0350  | 1.000000e-02 | 5.000000e-01 |  0.1440  0.3750
0351  | 1.200000e-02 | 5.000000e-01 |  0.1440  0.3800
0352  | 1.400000e-02 | 5.000000e-01 |  0.1440  0.3840
0353  | 1.600000e-02 | 5.000000e-01 |  0.1440  0.3880
0354  | 1.800000e-02 | 5.000000e-01 |  0.1440  0.3910
0355  | 2.000000e-02 | 5.000000e-01 |  0.1440  0.3940
0356  | 2.200000e-02 | 5.000000e-01 |  0.1430  0.3980
0357  | 2.400000e-02 | 5.000000e-01 |  0.1420  0.4010
0358  | 2.600000e-02 | 5.000000e-01 |  0.1410  0.4040
0359  | 2.800000e-02 | 5.000000e-01 |  0.1400  0.4070
0360  | 3.000000e-02 | 5.000000e-01 |  0.1380  0.4090
0361  | 2.000000e-03 | 6.000000e-01 |  0.1730  0.4170
0362  | 4.000000e-03 | 6.000000e-01 |  0.1690  0.4220
0363  | 6.000000e-03 | 6.000000e-01 |  0.1660  0.4270
0364  | 8.000000e-03 | 6.000000e-01 |  0.1630  0.4300
0365  | 1.000000e-02 | 6.000000e-01 |  0.1610  0.4340
0366  | 1.200000e-02 | 6.000000e-01 |  0.1590  0.4370
0367  | 1.400000e-02 | 6.000000e-01 |  0.1560  0.4400
0368  | 1.600000e-02 | 6.000000e-01 |  0.1540  0.4430
0369  | 1.800000e-02 | 6.000000e-01 |  0.1520  0.4460
0370  | 2.000000e-02 | 6.000000e-01 |  0.1500  0.4480
0371  | 2.200000e-02 | 6.000000e-01 |  0.1470  0.4510
0372  | 2.400000e-02 | 6.000000e-01 |  0.1450  0.4530
0373  | 2.600000e-02 | 6.000000e-01 |  0.1420  0.4550
0374  | 2.800000e-02 | 6.000000e-01 |  0.1390  0.4570
0375  | 3.000000e-02 | 6.000000e-01 |  0.1360  0.4590
0376  | 2.000000e-03 | 7.000000e-01 |  0.1820  0.4850
0377  | 4.000000e-03 | 7.000000e-01 |  0.1760  0.4870
0378  | 6.000000e-03 | 7.000000e-01 |  0.1700  0.4890
0379  | 8.000000e-03 | 7.000000e-01 |  0.1650  0.4910
0380  | 1.000000e-02 | 7.000000e-01 |  0.1600  0.4920
0381  | 1.200000e-02 | 7.000000e-01 |  0.1560  0.4940
0382  | 1.400000e-02 | 7.000000e-01 |  0.1520  0.4950
0383  | 1.600000e-02 | 7.000000e-01 |  0.1480  0.4960
0384  | 1.800000e-02 | 7.000000e-01 |  0.1440  0.4980
0385  | 2.000000e-02 | 7.000000e-01 |  0.1400  0.4990
0386  | 2.200000e-02 | 7.000000e-01 |  0.1360  0.4990
0387  | 2.400000e-02 | 7.000000e-01 |  0.1320  0.5000
0388  | 2.600000e-02 | 7.000000e-01 |  0.1280  0.5000
0389  | 2.800000e-02 | 7.000000e-01 |  0.1240  0.5010
0390  | 3.000000e-02 | 7.000000e-01 |  0.1210  0.5000
0391  | 2.000000e-03 | 8.000000e-01 |  0.1750  0.5550
0392  | 4.000000e-03 | 8.000000e-01 |  0.1660  0.5530
0393  | 6.000000e-03 | 8.000000e-01 |  0.1580  0.5510
0394  | 8.000000e-03 | 8.000000e-01 |  0.1510  0.5490
0395  | 1.000000e-02 | 8.000000e-01 |  0.1450  0.5470
0396  | 1.200000e-02 | 8.000000e-01 |  0.1390  0.5460
0397  | 1.400000e-02 | 8.000000e-01 |  0.1330  0.5450
0398  | 1.600000e-02 | 8.000000e-01 |  0.1280  0.5430
0399  | 1.800000e-02 | 8.000000e-01 |  0.1230  0.5420
0400  | 2.000000e-02 | 8.000000e-01 |  0.1180  0.5400
0401  | 2.200000e-02 | 8.000000e-01 |  0.1140  0.5390
0402  | 2.400000e-02 | 8.000000e-01 |  0.1090  0.5370
0403  | 2.600000e-02 | 8.000000e-01 |  0.1050  0.5350
0404  | 2.800000e-02 | 8.000000e-01 |  0.1010  0.5330
0405  | 3.000000e-02 | 8.000000e-01 |  0.0970  0.5310
0406  | 2.000000e-03 | 9.000000e-01 |  0.1450  0.6240
0407  | 4.000000e-03 | 9.000000e-01 |  0.1360  0.6130
0408  | 6.000000e-03 | 9.000000e-01 |  0.1280  0.6050
0409  | 8.000000e-03 | 9.000000e-01 |  0.1210  0.5980
0410  | 1.000000e-02 | 9.000000e-01 |  0.1160  0.5920
0411  | 1.200000e-02 | 9.000000e-01 |  0.1100  0.5870
0412  | 1.400000e-02 | 9.000000e-01 |  0.1060  0.5820
0413  | 1.600000e-02 | 9.000000e-01 |  0.1010  0.5780
0414  | 1.800000e-02 | 9.000000e-01 |  0.0970  0.5740
0415  | 2.000000e-02 | 9.000000e-01 |  0.0920  0.5710
0416  | 2.200000e-02 | 9.000000e-01 |  0.0880  0.5670
0417  | 2.400000e-02 | 9.000000e-01 |  0.0840  0.5640
0418  | 2.600000e-02 | 9.000000e-01 |  0.0800  0.5600
0419  | 2.800000e-02 | 9.000000e-01 |     NaN     NaN
0420  | 3.000000e-02 | 9.000000e-01 |     NaN     NaN
