0001  | 2.000000e-03 | 1.000000e-03 |  0.0180 -0.0260
0002  | 4.000000e-03 | 1.000000e-03 |  0.0190 -0.0140
0003  | 6.000000e-03 | 1.000000e-03 |     NaN     NaN
0004  | 8.000000e-03 | 1.000000e-03 |  0.0230 -0.0170
0005  | 1.000000e-02 | 1.000000e-03 |  0.0250 -0.0140
0006  | 1.200000e-02 | 1.000000e-03 |  0.0270 -0.0120
0007  | 1.400000e-02 | 1.000000e-03 |  0.0280 -0.0100
0008  | 1.600000e-02 | 1.000000e-03 |  0.0300 -0.0080
0009  | 1.800000e-02 | 1.000000e-03 |  0.0310 -0.0060
0010  | 2.000000e-02 | 1.000000e-03 |  0.0320 -0.0040
0011  | 2.200000e-02 | 1.000000e-03 |  0.0340 -0.0020
0012  | 2.400000e-02 | 1.000000e-03 |  0.0350  0.0000
0013  | 2.600000e-02 | 1.000000e-03 |  0.0360  0.0020
0014  | 2.800000e-02 | 1.000000e-03 |  0.0370  0.0040
0015  | 3.000000e-02 | 1.000000e-03 |  0.0380  0.0050
0016  | 2.000000e-03 | 5.000000e-03 |  0.0170 -0.0480
0017  | 4.000000e-03 | 5.000000e-03 |  0.0460 -0.0300
0018  | 6.000000e-03 | 5.000000e-03 |  0.0650 -0.0060
0019  | 8.000000e-03 | 5.000000e-03 |  0.0800  0.0170
0020  | 1.000000e-02 | 5.000000e-03 |  0.0950  0.0400
0021  | 1.200000e-02 | 5.000000e-03 |  0.1120  0.0620
0022  | 1.400000e-02 | 5.000000e-03 |  0.1310  0.0830
0023  | 1.600000e-02 | 5.000000e-03 |  0.1520  0.1010
0024  | 1.800000e-02 | 5.000000e-03 |  0.1740  0.1160
0025  | 2.000000e-02 | 5.000000e-03 |  0.1950  0.1270
0026  | 2.200000e-02 | 5.000000e-03 |  0.2140  0.1370
0027  | 2.400000e-02 | 5.000000e-03 |  0.2320  0.1450
0028  | 2.600000e-02 | 5.000000e-03 |  0.2480  0.1540
0029  | 2.800000e-02 | 5.000000e-03 |  0.2630  0.1730
0030  | 3.000000e-02 | 5.000000e-03 |  0.2890  0.1840
0031  | 2.000000e-03 | 1.000000e-02 |     NaN     NaN
0032  | 4.000000e-03 | 1.000000e-02 |  0.0340 -0.0200
0033  | 6.000000e-03 | 1.000000e-02 |  0.0730  0.0080
0034  | 8.000000e-03 | 1.000000e-02 |  0.1070  0.0290
0035  | 1.000000e-02 | 1.000000e-02 |  0.1390  0.0450
0036  | 1.200000e-02 | 1.000000e-02 |  0.1690  0.0570
0037  | 1.400000e-02 | 1.000000e-02 |  0.1970  0.0660
0038  | 1.600000e-02 | 1.000000e-02 |  0.2220  0.0730
0039  | 1.800000e-02 | 1.000000e-02 |  0.2450  0.0780
0040  | 2.000000e-02 | 1.000000e-02 |  0.2670  0.0830
0041  | 2.200000e-02 | 1.000000e-02 |  0.2870  0.0880
0042  | 2.400000e-02 | 1.000000e-02 |  0.3070  0.0920
0043  | 2.600000e-02 | 1.000000e-02 |  0.3270  0.0970
0044  | 2.800000e-02 | 1.000000e-02 |  0.3460  0.1010
0045  | 3.000000e-02 | 1.000000e-02 |  0.3660  0.1050
0046  | 2.000000e-03 | 2.000000e-02 |     NaN     NaN
0047  | 4.000000e-03 | 2.000000e-02 |  0.0150  0.0110
0048  | 6.000000e-03 | 2.000000e-02 |  0.0690  0.0340
0049  | 8.000000e-03 | 2.000000e-02 |  0.1160  0.0480
0050  | 1.000000e-02 | 2.000000e-02 |  0.1530  0.0560
0051  | 1.200000e-02 | 2.000000e-02 |  0.1860  0.0610
0052  | 1.400000e-02 | 2.000000e-02 |  0.2140  0.0650
0053  | 1.600000e-02 | 2.000000e-02 |  0.2390  0.0680
0054  | 1.800000e-02 | 2.000000e-02 |  0.2630  0.0710
0055  | 2.000000e-02 | 2.000000e-02 |  0.2840  0.0730
0056  | 2.200000e-02 | 2.000000e-02 |  0.3050  0.0750
0057  | 2.400000e-02 | 2.000000e-02 |  0.3250  0.0770
0058  | 2.600000e-02 | 2.000000e-02 |  0.3450  0.0800
0059  | 2.800000e-02 | 2.000000e-02 |  0.3650  0.0820
0060  | 3.000000e-02 | 2.000000e-02 |  0.3850  0.0840
0061  | 2.000000e-03 | 3.000000e-02 |     NaN     NaN
0062  | 4.000000e-03 | 3.000000e-02 |     NaN     NaN
0063  | 6.000000e-03 | 3.000000e-02 |  0.0560  0.0570
0064  | 8.000000e-03 | 3.000000e-02 |  0.1100  0.0700
0065  | 1.000000e-02 | 3.000000e-02 |  0.1510  0.0750
0066  | 1.200000e-02 | 3.000000e-02 |  0.1850  0.0780
0067  | 1.400000e-02 | 3.000000e-02 |  0.2140  0.0800
0068  | 1.600000e-02 | 3.000000e-02 |  0.2400  0.0820
0069  | 1.800000e-02 | 3.000000e-02 |  0.2630  0.0840
0070  | 2.000000e-02 | 3.000000e-02 |  0.2850  0.0850
0071  | 2.200000e-02 | 3.000000e-02 |  0.3060  0.0870
0072  | 2.400000e-02 | 3.000000e-02 |  0.3270  0.0880
0073  | 2.600000e-02 | 3.000000e-02 |  0.3470  0.0900
0074  | 2.800000e-02 | 3.000000e-02 |  0.3660  0.0910
0075  | 3.000000e-02 | 3.000000e-02 |  0.3860  0.0930
0076  | 2.000000e-03 | 4.000000e-02 |     NaN     NaN
0077  | 4.000000e-03 | 4.000000e-02 |     NaN     NaN
0078  | 6.000000e-03 | 4.000000e-02 |  0.0310  0.0680
0079  | 8.000000e-03 | 4.000000e-02 |  0.0980  0.0940
0080  | 1.000000e-02 | 4.000000e-02 |  0.1430  0.0970
0081  | 1.200000e-02 | 4.000000e-02 |  0.1790  0.0990
0082  | 1.400000e-02 | 4.000000e-02 |  0.2090  0.1000
0083  | 1.600000e-02 | 4.000000e-02 |  0.2360  0.1010
0084  | 1.800000e-02 | 4.000000e-02 |  0.2600  0.1020
0085  | 2.000000e-02 | 4.000000e-02 |  0.2820  0.1030
0086  | 2.200000e-02 | 4.000000e-02 |  0.3030  0.1040
0087  | 2.400000e-02 | 4.000000e-02 |  0.3240  0.1050
0088  | 2.600000e-02 | 4.000000e-02 |  0.3440  0.1070
0089  | 2.800000e-02 | 4.000000e-02 |  0.3640  0.1080
0090  | 3.000000e-02 | 4.000000e-02 |  0.3840  0.1090
0091  | 2.000000e-03 | 5.000000e-02 |  0.0220  0.0660
0092  | 4.000000e-03 | 5.000000e-02 |     NaN     NaN
0093  | 6.000000e-03 | 5.000000e-02 |     NaN     NaN
0094  | 8.000000e-03 | 5.000000e-02 |  0.0750  0.1240
0095  | 1.000000e-02 | 5.000000e-02 |  0.1320  0.1210
0096  | 1.200000e-02 | 5.000000e-02 |  0.1700  0.1210
0097  | 1.400000e-02 | 5.000000e-02 |  0.2020  0.1210
0098  | 1.600000e-02 | 5.000000e-02 |  0.2290  0.1220
0099  | 1.800000e-02 | 5.000000e-02 |  0.2540  0.1220
0100  | 2.000000e-02 | 5.000000e-02 |  0.2770  0.1230
0101  | 2.200000e-02 | 5.000000e-02 |  0.2990  0.1240
0102  | 2.400000e-02 | 5.000000e-02 |  0.3200  0.1250
0103  | 2.600000e-02 | 5.000000e-02 |  0.3400  0.1260
0104  | 2.800000e-02 | 5.000000e-02 |  0.3610  0.1270
0105  | 3.000000e-02 | 5.000000e-02 |  0.3810  0.1290
0106  | 2.000000e-03 | 6.000000e-02 |  0.0290  0.0660
0107  | 4.000000e-03 | 6.000000e-02 |  0.0290  0.0670
0108  | 6.000000e-03 | 6.000000e-02 |     NaN     NaN
0109  | 8.000000e-03 | 6.000000e-02 |  0.0620  0.1700
0110  | 1.000000e-02 | 6.000000e-02 |  0.1160  0.1490
0111  | 1.200000e-02 | 6.000000e-02 |  0.1580  0.1450
0112  | 1.400000e-02 | 6.000000e-02 |  0.1920  0.1440
0113  | 1.600000e-02 | 6.000000e-02 |  0.2210  0.1440
0114  | 1.800000e-02 | 6.000000e-02 |  0.2470  0.1440
0115  | 2.000000e-02 | 6.000000e-02 |  0.2700  0.1440
0116  | 2.200000e-02 | 6.000000e-02 |  0.2920  0.1450
0117  | 2.400000e-02 | 6.000000e-02 |  0.3140  0.1460
0118  | 2.600000e-02 | 6.000000e-02 |  0.3350  0.1470
0119  | 2.800000e-02 | 6.000000e-02 |  0.3550  0.1480
0120  | 3.000000e-02 | 6.000000e-02 |  0.3760  0.1490
0121  | 2.000000e-03 | 7.000000e-02 |  0.0350  0.0680
0122  | 4.000000e-03 | 7.000000e-02 |  0.0350  0.0680
0123  | 6.000000e-03 | 7.000000e-02 |  0.0350  0.0680
0124  | 8.000000e-03 | 7.000000e-02 |  0.0530  0.2080
0125  | 1.000000e-02 | 7.000000e-02 |  0.1000  0.1810
0126  | 1.200000e-02 | 7.000000e-02 |  0.1440  0.1710
0127  | 1.400000e-02 | 7.000000e-02 |  0.1800  0.1680
0128  | 1.600000e-02 | 7.000000e-02 |  0.2100  0.1670
0129  | 1.800000e-02 | 7.000000e-02 |  0.2370  0.1660
0130  | 2.000000e-02 | 7.000000e-02 |  0.2610  0.1660
0131  | 2.200000e-02 | 7.000000e-02 |  0.2840  0.1670
0132  | 2.400000e-02 | 7.000000e-02 |  0.3060  0.1670
0133  | 2.600000e-02 | 7.000000e-02 |  0.3280  0.1680
0134  | 2.800000e-02 | 7.000000e-02 |  0.3490  0.1700
0135  | 3.000000e-02 | 7.000000e-02 |  0.3700  0.1710
0136  | 2.000000e-03 | 8.000000e-02 |  0.0400  0.0700
0137  | 4.000000e-03 | 8.000000e-02 |  0.0400  0.0700
0138  | 6.000000e-03 | 8.000000e-02 |  0.0410  0.0700
0139  | 8.000000e-03 | 8.000000e-02 |     NaN     NaN
0140  | 1.000000e-02 | 8.000000e-02 |  0.0840  0.2150
0141  | 1.200000e-02 | 8.000000e-02 |  0.1280  0.2000
0142  | 1.400000e-02 | 8.000000e-02 |  0.1660  0.1940
0143  | 1.600000e-02 | 8.000000e-02 |  0.1980  0.1910
0144  | 1.800000e-02 | 8.000000e-02 |  0.2260  0.1890
0145  | 2.000000e-02 | 8.000000e-02 |  0.2510  0.1890
0146  | 2.200000e-02 | 8.000000e-02 |  0.2750  0.1890
0147  | 2.400000e-02 | 8.000000e-02 |  0.2980  0.1900
0148  | 2.600000e-02 | 8.000000e-02 |  0.3200  0.1910
0149  | 2.800000e-02 | 8.000000e-02 |  0.3410  0.1920
0150  | 3.000000e-02 | 8.000000e-02 |  0.3630  0.1930
0151  | 2.000000e-03 | 9.000000e-02 |  0.0440  0.0730
0152  | 4.000000e-03 | 9.000000e-02 |  0.0450  0.0730
0153  | 6.000000e-03 | 9.000000e-02 |  0.0450  0.0730
0154  | 8.000000e-03 | 9.000000e-02 |  0.0460  0.0730
0155  | 1.000000e-02 | 9.000000e-02 |  0.0660  0.2540
0156  | 1.200000e-02 | 9.000000e-02 |  0.1100  0.2300
0157  | 1.400000e-02 | 9.000000e-02 |  0.1500  0.2210
0158  | 1.600000e-02 | 9.000000e-02 |  0.1830  0.2160
0159  | 1.800000e-02 | 9.000000e-02 |  0.2130  0.2140
0160  | 2.000000e-02 | 9.000000e-02 |  0.2390  0.2120
0161  | 2.200000e-02 | 9.000000e-02 |  0.2640  0.2120
0162  | 2.400000e-02 | 9.000000e-02 |  0.2880  0.2120
0163  | 2.600000e-02 | 9.000000e-02 |  0.3100  0.2130
0164  | 2.800000e-02 | 9.000000e-02 |  0.3330  0.2140
0165  | 3.000000e-02 | 9.000000e-02 |  0.3550  0.2160
0166  | 2.000000e-03 | 1.000000e-01 |  0.0480  0.0740
0167  | 4.000000e-03 | 1.000000e-01 |  0.0490  0.0750
0168  | 6.000000e-03 | 1.000000e-01 |  0.0500  0.0750
0169  | 8.000000e-03 | 1.000000e-01 |  0.0500  0.0750
0170  | 1.000000e-02 | 1.000000e-01 |     NaN     NaN
0171  | 1.200000e-02 | 1.000000e-01 |  0.0900  0.2650
0172  | 1.400000e-02 | 1.000000e-01 |  0.1320  0.2490
0173  | 1.600000e-02 | 1.000000e-01 |  0.1670  0.2420
0174  | 1.800000e-02 | 1.000000e-01 |  0.1980  0.2390
0175  | 2.000000e-02 | 1.000000e-01 |  0.2260  0.2360
0176  | 2.200000e-02 | 1.000000e-01 |  0.2520  0.2360
0177  | 2.400000e-02 | 1.000000e-01 |  0.2760  0.2360
0178  | 2.600000e-02 | 1.000000e-01 |  0.3000  0.2360
0179  | 2.800000e-02 | 1.000000e-01 |  0.3230  0.2370
0180  | 3.000000e-02 | 1.000000e-01 |  0.3450  0.2390
0181  | 2.000000e-03 | 1.200000e-01 |  0.0560  0.0790
0182  | 4.000000e-03 | 1.200000e-01 |  0.0570  0.0790
0183  | 6.000000e-03 | 1.200000e-01 |  0.0570  0.0800
0184  | 8.000000e-03 | 1.200000e-01 |  0.0580  0.0810
0185  | 1.000000e-02 | 1.200000e-01 |  0.0590  0.0820
0186  | 1.200000e-02 | 1.200000e-01 |  0.0600  0.0840
0187  | 1.400000e-02 | 1.200000e-01 |  0.0870  0.3160
0188  | 1.600000e-02 | 1.200000e-01 |  0.1270  0.3000
0189  | 1.800000e-02 | 1.200000e-01 |  0.1630  0.2920
0190  | 2.000000e-02 | 1.200000e-01 |  0.1940  0.2870
0191  | 2.200000e-02 | 1.200000e-01 |  0.2230  0.2850
0192  | 2.400000e-02 | 1.200000e-01 |  0.2500  0.2840
0193  | 2.600000e-02 | 1.200000e-01 |  0.2760  0.2840
0194  | 2.800000e-02 | 1.200000e-01 |  0.3000  0.2850
0195  | 3.000000e-02 | 1.200000e-01 |  0.3240  0.2860
0196  | 2.000000e-03 | 1.400000e-01 |  0.0630  0.0850
0197  | 4.000000e-03 | 1.400000e-01 |  0.0640  0.0850
0198  | 6.000000e-03 | 1.400000e-01 |  0.0640  0.0850
0199  | 8.000000e-03 | 1.400000e-01 |  0.0650  0.0870
0200  | 1.000000e-02 | 1.400000e-01 |  0.0660  0.0880
0201  | 1.200000e-02 | 1.400000e-01 |  0.0660  0.0910
0202  | 1.400000e-02 | 1.400000e-01 |  0.0670  0.0940
0203  | 1.600000e-02 | 1.400000e-01 |     NaN     NaN
0204  | 1.800000e-02 | 1.400000e-01 |  0.1150  0.3540
0205  | 2.000000e-02 | 1.400000e-01 |  0.1530  0.3430
0206  | 2.200000e-02 | 1.400000e-01 |  0.1870  0.3380
0207  | 2.400000e-02 | 1.400000e-01 |  0.2180  0.3350
0208  | 2.600000e-02 | 1.400000e-01 |  0.2460  0.3340
0209  | 2.800000e-02 | 1.400000e-01 |  0.2740  0.3340
0210  | 3.000000e-02 | 1.400000e-01 |  0.3000  0.3350
0211  | 2.000000e-03 | 1.600000e-01 |  0.0690  0.0910
0212  | 4.000000e-03 | 1.600000e-01 |  0.0690  0.0920
0213  | 6.000000e-03 | 1.600000e-01 |  0.0700  0.0920
0214  | 8.000000e-03 | 1.600000e-01 |  0.0700  0.0940
0215  | 1.000000e-02 | 1.600000e-01 |  0.0710  0.0950
0216  | 1.200000e-02 | 1.600000e-01 |  0.0710  0.0980
0217  | 1.400000e-02 | 1.600000e-01 |  0.0700  0.1010
0218  | 1.600000e-02 | 1.600000e-01 |  0.0690  0.1050
0219  | 1.800000e-02 | 1.600000e-01 |     NaN     NaN
0220  | 2.000000e-02 | 1.600000e-01 |  0.0980  0.4230
0221  | 2.200000e-02 | 1.600000e-01 |  0.1390  0.4000
0222  | 2.400000e-02 | 1.600000e-01 |  0.1770  0.3910
0223  | 2.600000e-02 | 1.600000e-01 |  0.2110  0.3870
0224  | 2.800000e-02 | 1.600000e-01 |  0.2420  0.3860
0225  | 3.000000e-02 | 1.600000e-01 |  0.2710  0.3860
0226  | 2.000000e-03 | 1.800000e-01 |     NaN     NaN
0227  | 4.000000e-03 | 1.800000e-01 |     NaN     NaN
0228  | 6.000000e-03 | 1.800000e-01 |     NaN     NaN
0229  | 8.000000e-03 | 1.800000e-01 |     NaN     NaN
0230  | 1.000000e-02 | 1.800000e-01 |     NaN     NaN
0231  | 1.200000e-02 | 1.800000e-01 |     NaN     NaN
0232  | 1.400000e-02 | 1.800000e-01 |     NaN     NaN
0233  | 1.600000e-02 | 1.800000e-01 |     NaN     NaN
0234  | 1.800000e-02 | 1.800000e-01 |     NaN     NaN
0235  | 2.000000e-02 | 1.800000e-01 |  0.0820  0.5220
0236  | 2.200000e-02 | 1.800000e-01 |  0.1010  0.4940
0237  | 2.400000e-02 | 1.800000e-01 |  0.1310  0.4680
0238  | 2.600000e-02 | 1.800000e-01 |  0.1690  0.4510
0239  | 2.800000e-02 | 1.800000e-01 |  0.2050  0.4430
0240  | 3.000000e-02 | 1.800000e-01 |  0.2390  0.4400
0241  | 2.000000e-03 | 2.000000e-01 |     NaN     NaN
0242  | 4.000000e-03 | 2.000000e-01 |     NaN     NaN
0243  | 6.000000e-03 | 2.000000e-01 |     NaN     NaN
0244  | 8.000000e-03 | 2.000000e-01 |     NaN     NaN
0245  | 1.000000e-02 | 2.000000e-01 |     NaN     NaN
0246  | 1.200000e-02 | 2.000000e-01 |     NaN     NaN
0247  | 1.400000e-02 | 2.000000e-01 |     NaN     NaN
0248  | 1.600000e-02 | 2.000000e-01 |     NaN     NaN
0249  | 1.800000e-02 | 2.000000e-01 |     NaN     NaN
0250  | 2.000000e-02 | 2.000000e-01 |     NaN     NaN
0251  | 2.200000e-02 | 2.000000e-01 |     NaN     NaN
0252  | 2.400000e-02 | 2.000000e-01 |  0.1080  0.5530
0253  | 2.600000e-02 | 2.000000e-01 |  0.1340  0.5300
0254  | 2.800000e-02 | 2.000000e-01 |  0.1680  0.5110
0255  | 3.000000e-02 | 2.000000e-01 |  0.2030  0.5000
0256  | 2.000000e-03 | 2.200000e-01 |  0.0980  0.2500
0257  | 4.000000e-03 | 2.200000e-01 |  0.0980  0.2510
0258  | 6.000000e-03 | 2.200000e-01 |  0.0990  0.2520
0259  | 8.000000e-03 | 2.200000e-01 |  0.1000  0.2530
0260  | 1.000000e-02 | 2.200000e-01 |  0.1000  0.2540
0261  | 1.200000e-02 | 2.200000e-01 |  0.1010  0.2550
0262  | 1.400000e-02 | 2.200000e-01 |  0.1020  0.2560
0263  | 1.600000e-02 | 2.200000e-01 |  0.1020  0.2580
0264  | 1.800000e-02 | 2.200000e-01 |  0.1010  0.2590
0265  | 2.000000e-02 | 2.200000e-01 |  0.1010  0.2610
0266  | 2.200000e-02 | 2.200000e-01 |  0.1000  0.2610
0267  | 2.400000e-02 | 2.200000e-01 |     NaN     NaN
0268  | 2.600000e-02 | 2.200000e-01 |  0.1150  0.6080
0269  | 2.800000e-02 | 2.200000e-01 |  0.1410  0.5860
0270  | 3.000000e-02 | 2.200000e-01 |  0.1730  0.5680
0271  | 2.000000e-03 | 2.400000e-01 |  0.1090  0.2580
0272  | 4.000000e-03 | 2.400000e-01 |  0.1090  0.2600
0273  | 6.000000e-03 | 2.400000e-01 |  0.1100  0.2610
0274  | 8.000000e-03 | 2.400000e-01 |  0.1110  0.2620
0275  | 1.000000e-02 | 2.400000e-01 |  0.1110  0.2630
0276  | 1.200000e-02 | 2.400000e-01 |  0.1110  0.2640
0277  | 1.400000e-02 | 2.400000e-01 |  0.1110  0.2640
0278  | 1.600000e-02 | 2.400000e-01 |  0.1120  0.2650
0279  | 1.800000e-02 | 2.400000e-01 |  0.1120  0.2670
0280  | 2.000000e-02 | 2.400000e-01 |  0.1130  0.2680
0281  | 2.200000e-02 | 2.400000e-01 |  0.1110  0.2690
0282  | 2.400000e-02 | 2.400000e-01 |  0.1110  0.2710
0283  | 2.600000e-02 | 2.400000e-01 |  0.1090  0.2710
0284  | 2.800000e-02 | 2.400000e-01 |  0.1220  0.6560
0285  | 3.000000e-02 | 2.400000e-01 |  0.1490  0.6360
0286  | 2.000000e-03 | 2.600000e-01 |  0.1180  0.2690
0287  | 4.000000e-03 | 2.600000e-01 |  0.1180  0.2700
0288  | 6.000000e-03 | 2.600000e-01 |  0.1170  0.2710
0289  | 8.000000e-03 | 2.600000e-01 |  0.1170  0.2700
0290  | 1.000000e-02 | 2.600000e-01 |  0.1180  0.2700
0291  | 1.200000e-02 | 2.600000e-01 |  0.1200  0.2710
0292  | 1.400000e-02 | 2.600000e-01 |  0.1210  0.2720
0293  | 1.600000e-02 | 2.600000e-01 |  0.1210  0.2740
0294  | 1.800000e-02 | 2.600000e-01 |  0.1220  0.2750
0295  | 2.000000e-02 | 2.600000e-01 |  0.1220  0.2780
0296  | 2.200000e-02 | 2.600000e-01 |  0.1210  0.2780
0297  | 2.400000e-02 | 2.600000e-01 |     NaN     NaN
0298  | 2.600000e-02 | 2.600000e-01 |     NaN     NaN
0299  | 2.800000e-02 | 2.600000e-01 |     NaN     NaN
0300  | 3.000000e-02 | 2.600000e-01 |  0.1280  0.7000
0301  | 2.000000e-03 | 2.800000e-01 |  0.1220  0.2800
0302  | 4.000000e-03 | 2.800000e-01 |  0.1220  0.2770
0303  | 6.000000e-03 | 2.800000e-01 |  0.1240  0.2760
0304  | 8.000000e-03 | 2.800000e-01 |  0.1260  0.2770
0305  | 1.000000e-02 | 2.800000e-01 |  0.1280  0.2780
0306  | 1.200000e-02 | 2.800000e-01 |  0.1290  0.2800
0307  | 1.400000e-02 | 2.800000e-01 |  0.1300  0.2820
0308  | 1.600000e-02 | 2.800000e-01 |  0.1310  0.2830
0309  | 1.800000e-02 | 2.800000e-01 |  0.1310  0.2860
0310  | 2.000000e-02 | 2.800000e-01 |  0.1300  0.2880
0311  | 2.200000e-02 | 2.800000e-01 |     NaN     NaN
0312  | 2.400000e-02 | 2.800000e-01 |     NaN     NaN
0313  | 2.600000e-02 | 2.800000e-01 |     NaN     NaN
0314  | 2.800000e-02 | 2.800000e-01 |     NaN     NaN
0315  | 3.000000e-02 | 2.800000e-01 |     NaN     NaN
0316  | 2.000000e-03 | 3.000000e-01 |  0.1260  0.2840
0317  | 4.000000e-03 | 3.000000e-01 |  0.1300  0.2840
0318  | 6.000000e-03 | 3.000000e-01 |  0.1330  0.2840
0319  | 8.000000e-03 | 3.000000e-01 |  0.1350  0.2850
0320  | 1.000000e-02 | 3.000000e-01 |  0.1370  0.2870
0321  | 1.200000e-02 | 3.000000e-01 |  0.1380  0.2900
0322  | 1.400000e-02 | 3.000000e-01 |  0.1390  0.2910
0323  | 1.600000e-02 | 3.000000e-01 |  0.1380  0.2950
0324  | 1.800000e-02 | 3.000000e-01 |  0.1370  0.2960
0325  | 2.000000e-02 | 3.000000e-01 |     NaN     NaN
0326  | 2.200000e-02 | 3.000000e-01 |     NaN     NaN
0327  | 2.400000e-02 | 3.000000e-01 |  0.1390  0.3370
0328  | 2.600000e-02 | 3.000000e-01 |  0.1400  0.3410
0329  | 2.800000e-02 | 3.000000e-01 |  0.1390  0.3470
0330  | 3.000000e-02 | 3.000000e-01 |  0.1370  0.3510
0331  | 2.000000e-03 | 4.000000e-01 |  0.1630  0.3280
0332  | 4.000000e-03 | 4.000000e-01 |  0.1660  0.3370
0333  | 6.000000e-03 | 4.000000e-01 |  0.1680  0.3440
0334  | 8.000000e-03 | 4.000000e-01 |  0.1680  0.3510
0335  | 1.000000e-02 | 4.000000e-01 |  0.1700  0.3580
0336  | 1.200000e-02 | 4.000000e-01 |  0.1720  0.3640
0337  | 1.400000e-02 | 4.000000e-01 |  0.1740  0.3700
0338  | 1.600000e-02 | 4.000000e-01 |  0.1760  0.3750
0339  | 1.800000e-02 | 4.000000e-01 |  0.1770  0.3810
0340  | 2.000000e-02 | 4.000000e-01 |  0.1770  0.3860
0341  | 2.200000e-02 | 4.000000e-01 |  0.1770  0.3910
0342  | 2.400000e-02 | 4.000000e-01 |  0.1760  0.3960
0343  | 2.600000e-02 | 4.000000e-01 |  0.1750  0.4020
0344  | 2.800000e-02 | 4.000000e-01 |  0.1730  0.4070
0345  | 3.000000e-02 | 4.000000e-01 |  0.1690  0.4110
0346  | 2.000000e-03 | 5.000000e-01 |  0.2050  0.4010
0347  | 4.000000e-03 | 5.000000e-01 |  0.2030  0.4100
0348  | 6.000000e-03 | 5.000000e-01 |  0.2020  0.4170
0349  | 8.000000e-03 | 5.000000e-01 |  0.2020  0.4240
0350  | 1.000000e-02 | 5.000000e-01 |  0.2010  0.4290
0351  | 1.200000e-02 | 5.000000e-01 |  0.2010  0.4350
0352  | 1.400000e-02 | 5.000000e-01 |  0.2000  0.4400
0353  | 1.600000e-02 | 5.000000e-01 |  0.1990  0.4450
0354  | 1.800000e-02 | 5.000000e-01 |  0.1970  0.4500
0355  | 2.000000e-02 | 5.000000e-01 |  0.1950  0.4550
0356  | 2.200000e-02 | 5.000000e-01 |  0.1930  0.4600
0357  | 2.400000e-02 | 5.000000e-01 |  0.1900  0.4650
0358  | 2.600000e-02 | 5.000000e-01 |  0.1860  0.4700
0359  | 2.800000e-02 | 5.000000e-01 |  0.1820  0.4740
0360  | 3.000000e-02 | 5.000000e-01 |  0.1770  0.4780
0361  | 2.000000e-03 | 6.000000e-01 |  0.2290  0.4820
0362  | 4.000000e-03 | 6.000000e-01 |  0.2240  0.4880
0363  | 6.000000e-03 | 6.000000e-01 |  0.2190  0.4940
0364  | 8.000000e-03 | 6.000000e-01 |  0.2160  0.4990
0365  | 1.000000e-02 | 6.000000e-01 |  0.2120  0.5030
0366  | 1.200000e-02 | 6.000000e-01 |  0.2090  0.5080
0367  | 1.400000e-02 | 6.000000e-01 |  0.2060  0.5130
0368  | 1.600000e-02 | 6.000000e-01 |  0.2020  0.5170
0369  | 1.800000e-02 | 6.000000e-01 |  0.1980  0.5210
0370  | 2.000000e-02 | 6.000000e-01 |  0.1940  0.5250
0371  | 2.200000e-02 | 6.000000e-01 |  0.1890  0.5280
0372  | 2.400000e-02 | 6.000000e-01 |  0.1840  0.5320
0373  | 2.600000e-02 | 6.000000e-01 |  0.1790  0.5350
0374  | 2.800000e-02 | 6.000000e-01 |  0.1730  0.5370
0375  | 3.000000e-02 | 6.000000e-01 |  0.1670  0.5390
0376  | 2.000000e-03 | 7.000000e-01 |  0.2340  0.5670
0377  | 4.000000e-03 | 7.000000e-01 |  0.2250  0.5700
0378  | 6.000000e-03 | 7.000000e-01 |  0.2170  0.5720
0379  | 8.000000e-03 | 7.000000e-01 |  0.2100  0.5750
0380  | 1.000000e-02 | 7.000000e-01 |  0.2040  0.5770
0381  | 1.200000e-02 | 7.000000e-01 |  0.1970  0.5790
0382  | 1.400000e-02 | 7.000000e-01 |  0.1910  0.5810
0383  | 1.600000e-02 | 7.000000e-01 |  0.1850  0.5820
0384  | 1.800000e-02 | 7.000000e-01 |  0.1790  0.5840
0385  | 2.000000e-02 | 7.000000e-01 |  0.1720  0.5850
0386  | 2.200000e-02 | 7.000000e-01 |  0.1660  0.5860
0387  | 2.400000e-02 | 7.000000e-01 |  0.1600  0.5870
0388  | 2.600000e-02 | 7.000000e-01 |  0.1540  0.5870
0389  | 2.800000e-02 | 7.000000e-01 |  0.1480  0.5870
0390  | 3.000000e-02 | 7.000000e-01 |  0.1410  0.5860
0391  | 2.000000e-03 | 8.000000e-01 |  0.2170  0.6600
0392  | 4.000000e-03 | 8.000000e-01 |  0.2020  0.6560
0393  | 6.000000e-03 | 8.000000e-01 |  0.1890  0.6510
0394  | 8.000000e-03 | 8.000000e-01 |  0.1800  0.6470
0395  | 1.000000e-02 | 8.000000e-01 |  0.1690  0.6450
0396  | 1.200000e-02 | 8.000000e-01 |  0.1620  0.6400
0397  | 1.400000e-02 | 8.000000e-01 |  0.1540  0.6360
0398  | 1.600000e-02 | 8.000000e-01 |  0.1470  0.6330
0399  | 1.800000e-02 | 8.000000e-01 |  0.1400  0.6310
0400  | 2.000000e-02 | 8.000000e-01 |  0.1330  0.6280
0401  | 2.200000e-02 | 8.000000e-01 |  0.1280  0.6240
0402  | 2.400000e-02 | 8.000000e-01 |  0.1230  0.6220
0403  | 2.600000e-02 | 8.000000e-01 |  0.1180  0.6200
0404  | 2.800000e-02 | 8.000000e-01 |     NaN     NaN
0405  | 3.000000e-02 | 8.000000e-01 |     NaN     NaN
0406  | 2.000000e-03 | 9.000000e-01 |  0.1840  0.7690
0407  | 4.000000e-03 | 9.000000e-01 |  0.1570  0.7600
0408  | 6.000000e-03 | 9.000000e-01 |  0.1300  0.7510
0409  | 8.000000e-03 | 9.000000e-01 |  0.1210  0.8350
0410  | 1.000000e-02 | 9.000000e-01 |  0.1210  0.8380
0411  | 1.200000e-02 | 9.000000e-01 |  0.1180  0.8390
0412  | 1.400000e-02 | 9.000000e-01 |  0.1150  0.8390
0413  | 1.600000e-02 | 9.000000e-01 |  0.1140  0.8410
0414  | 1.800000e-02 | 9.000000e-01 |  0.1110  0.8400
0415  | 2.000000e-02 | 9.000000e-01 |  0.1090  0.8390
0416  | 2.200000e-02 | 9.000000e-01 |  0.1060  0.8390
0417  | 2.400000e-02 | 9.000000e-01 |  0.1020  0.8380
0418  | 2.600000e-02 | 9.000000e-01 |  0.1010  0.8380
0419  | 2.800000e-02 | 9.000000e-01 |     NaN     NaN
0420  | 3.000000e-02 | 9.000000e-01 |     NaN     NaN
