0001  | 2.000000e-03 | 1.000000e-03 |     NaN     NaN
0002  | 4.000000e-03 | 1.000000e-03 |  0.0080 -0.0170
0003  | 6.000000e-03 | 1.000000e-03 |  0.0100 -0.0130
0004  | 8.000000e-03 | 1.000000e-03 |  0.0100 -0.0110
0005  | 1.000000e-02 | 1.000000e-03 |  0.0100 -0.0080
0006  | 1.200000e-02 | 1.000000e-03 |     NaN     NaN
0007  | 1.400000e-02 | 1.000000e-03 |     NaN     NaN
0008  | 1.600000e-02 | 1.000000e-03 |     NaN     NaN
0009  | 1.800000e-02 | 1.000000e-03 |  0.0130 -0.0100
0010  | 2.000000e-02 | 1.000000e-03 |  0.0140 -0.0100
0011  | 2.200000e-02 | 1.000000e-03 |  0.0150 -0.0090
0012  | 2.400000e-02 | 1.000000e-03 |  0.0150 -0.0080
0013  | 2.600000e-02 | 1.000000e-03 |  0.0160 -0.0080
0014  | 2.800000e-02 | 1.000000e-03 |  0.0160 -0.0070
0015  | 3.000000e-02 | 1.000000e-03 |  0.0170 -0.0070
0016  | 2.000000e-03 | 1.000000e-02 |     NaN     NaN
0017  | 4.000000e-03 | 1.000000e-02 |     NaN     NaN
0018  | 6.000000e-03 | 1.000000e-02 |     NaN     NaN
0019  | 8.000000e-03 | 1.000000e-02 |  0.0200 -0.0200
0020  | 1.000000e-02 | 1.000000e-02 |  0.0370 -0.0110
0021  | 1.200000e-02 | 1.000000e-02 |  0.0510 -0.0030
0022  | 1.400000e-02 | 1.000000e-02 |  0.0640  0.0030
0023  | 1.600000e-02 | 1.000000e-02 |  0.0760  0.0090
0024  | 1.800000e-02 | 1.000000e-02 |  0.0870  0.0140
0025  | 2.000000e-02 | 1.000000e-02 |  0.0980  0.0180
0026  | 2.200000e-02 | 1.000000e-02 |  0.1080  0.0220
0027  | 2.400000e-02 | 1.000000e-02 |  0.1180  0.0250
0028  | 2.600000e-02 | 1.000000e-02 |  0.1270  0.0280
0029  | 2.800000e-02 | 1.000000e-02 |  0.1360  0.0300
0030  | 3.000000e-02 | 1.000000e-02 |  0.1450  0.0320
0031  | 2.000000e-03 | 2.000000e-02 |     NaN     NaN
0032  | 4.000000e-03 | 2.000000e-02 |     NaN     NaN
0033  | 6.000000e-03 | 2.000000e-02 |     NaN     NaN
0034  | 8.000000e-03 | 2.000000e-02 |  0.0110  0.0090
0035  | 1.000000e-02 | 2.000000e-02 |  0.0320  0.0110
0036  | 1.200000e-02 | 2.000000e-02 |  0.0510  0.0150
0037  | 1.400000e-02 | 2.000000e-02 |  0.0680  0.0180
0038  | 1.600000e-02 | 2.000000e-02 |  0.0820  0.0210
0039  | 1.800000e-02 | 2.000000e-02 |  0.0950  0.0230
0040  | 2.000000e-02 | 2.000000e-02 |  0.1070  0.0250
0041  | 2.200000e-02 | 2.000000e-02 |  0.1180  0.0270
0042  | 2.400000e-02 | 2.000000e-02 |  0.1290  0.0280
0043  | 2.600000e-02 | 2.000000e-02 |  0.1380  0.0300
0044  | 2.800000e-02 | 2.000000e-02 |  0.1470  0.0310
0045  | 3.000000e-02 | 2.000000e-02 |  0.1560  0.0320
0046  | 2.000000e-03 | 3.000000e-02 |     NaN     NaN
0047  | 4.000000e-03 | 3.000000e-02 |     NaN     NaN
0048  | 6.000000e-03 | 3.000000e-02 |     NaN     NaN
0049  | 8.000000e-03 | 3.000000e-02 |  0.0090  0.0140
0050  | 1.000000e-02 | 3.000000e-02 |  0.0280  0.0270
0051  | 1.200000e-02 | 3.000000e-02 |  0.0490  0.0300
0052  | 1.400000e-02 | 3.000000e-02 |  0.0660  0.0320
0053  | 1.600000e-02 | 3.000000e-02 |  0.0820  0.0330
0054  | 1.800000e-02 | 3.000000e-02 |  0.0950  0.0350
0055  | 2.000000e-02 | 3.000000e-02 |  0.1080  0.0360
0056  | 2.200000e-02 | 3.000000e-02 |  0.1190  0.0370
0057  | 2.400000e-02 | 3.000000e-02 |  0.1290  0.0380
0058  | 2.600000e-02 | 3.000000e-02 |  0.1390  0.0390
0059  | 2.800000e-02 | 3.000000e-02 |  0.1480  0.0390
0060  | 3.000000e-02 | 3.000000e-02 |  0.1570  0.0400
0061  | 2.000000e-03 | 4.000000e-02 |     NaN     NaN
0062  | 4.000000e-03 | 4.000000e-02 |     NaN     NaN
0063  | 6.000000e-03 | 4.000000e-02 |     NaN     NaN
0064  | 8.000000e-03 | 4.000000e-02 |     NaN     NaN
0065  | 1.000000e-02 | 4.000000e-02 |  0.0210  0.0390
0066  | 1.200000e-02 | 4.000000e-02 |  0.0430  0.0430
0067  | 1.400000e-02 | 4.000000e-02 |  0.0620  0.0450
0068  | 1.600000e-02 | 4.000000e-02 |  0.0780  0.0460
0069  | 1.800000e-02 | 4.000000e-02 |  0.0930  0.0470
0070  | 2.000000e-02 | 4.000000e-02 |  0.1050  0.0480
0071  | 2.200000e-02 | 4.000000e-02 |  0.1170  0.0480
0072  | 2.400000e-02 | 4.000000e-02 |  0.1280  0.0490
0073  | 2.600000e-02 | 4.000000e-02 |  0.1380  0.0490
0074  | 2.800000e-02 | 4.000000e-02 |  0.1470  0.0500
0075  | 3.000000e-02 | 4.000000e-02 |  0.1560  0.0500
0076  | 2.000000e-03 | 5.000000e-02 |     NaN     NaN
0077  | 4.000000e-03 | 5.000000e-02 |     NaN     NaN
0078  | 6.000000e-03 | 5.000000e-02 |     NaN     NaN
0079  | 8.000000e-03 | 5.000000e-02 |     NaN     NaN
0080  | 1.000000e-02 | 5.000000e-02 |     NaN     NaN
0081  | 1.200000e-02 | 5.000000e-02 |  0.0350  0.0540
0082  | 1.400000e-02 | 5.000000e-02 |  0.0560  0.0570
0083  | 1.600000e-02 | 5.000000e-02 |  0.0730  0.0580
0084  | 1.800000e-02 | 5.000000e-02 |  0.0880  0.0590
0085  | 2.000000e-02 | 5.000000e-02 |  0.1010  0.0600
0086  | 2.200000e-02 | 5.000000e-02 |  0.1140  0.0600
0087  | 2.400000e-02 | 5.000000e-02 |  0.1250  0.0600
0088  | 2.600000e-02 | 5.000000e-02 |  0.1350  0.0610
0089  | 2.800000e-02 | 5.000000e-02 |  0.1440  0.0610
0090  | 3.000000e-02 | 5.000000e-02 |  0.1530  0.0610
0091  | 2.000000e-03 | 6.000000e-02 |     NaN     NaN
0092  | 4.000000e-03 | 6.000000e-02 |     NaN     NaN
0093  | 6.000000e-03 | 6.000000e-02 |     NaN     NaN
0094  | 8.000000e-03 | 6.000000e-02 |     NaN     NaN
0095  | 1.000000e-02 | 6.000000e-02 |     NaN     NaN
0096  | 1.200000e-02 | 6.000000e-02 |  0.0210  0.0610
0097  | 1.400000e-02 | 6.000000e-02 |  0.0460  0.0680
0098  | 1.600000e-02 | 6.000000e-02 |  0.0650  0.0710
0099  | 1.800000e-02 | 6.000000e-02 |  0.0820  0.0710
0100  | 2.000000e-02 | 6.000000e-02 |  0.0960  0.0720
0101  | 2.200000e-02 | 6.000000e-02 |  0.1090  0.0720
0102  | 2.400000e-02 | 6.000000e-02 |  0.1200  0.0720
0103  | 2.600000e-02 | 6.000000e-02 |  0.1310  0.0720
0104  | 2.800000e-02 | 6.000000e-02 |  0.1410  0.0730
0105  | 3.000000e-02 | 6.000000e-02 |  0.1500  0.0730
0106  | 2.000000e-03 | 7.000000e-02 |  0.0120  0.0650
0107  | 4.000000e-03 | 7.000000e-02 |  0.0120  0.0650
0108  | 6.000000e-03 | 7.000000e-02 |  0.0120  0.0650
0109  | 8.000000e-03 | 7.000000e-02 |     NaN     NaN
0110  | 1.000000e-02 | 7.000000e-02 |     NaN     NaN
0111  | 1.200000e-02 | 7.000000e-02 |     NaN     NaN
0112  | 1.400000e-02 | 7.000000e-02 |  0.0300  0.0770
0113  | 1.600000e-02 | 7.000000e-02 |  0.0540  0.0830
0114  | 1.800000e-02 | 7.000000e-02 |  0.0730  0.0840
0115  | 2.000000e-02 | 7.000000e-02 |  0.0890  0.0840
0116  | 2.200000e-02 | 7.000000e-02 |  0.1030  0.0850
0117  | 2.400000e-02 | 7.000000e-02 |  0.1150  0.0850
0118  | 2.600000e-02 | 7.000000e-02 |  0.1260  0.0850
0119  | 2.800000e-02 | 7.000000e-02 |  0.1360  0.0850
0120  | 3.000000e-02 | 7.000000e-02 |  0.1460  0.0850
0121  | 2.000000e-03 | 8.000000e-02 |  0.0150  0.0660
0122  | 4.000000e-03 | 8.000000e-02 |  0.0150  0.0660
0123  | 6.000000e-03 | 8.000000e-02 |  0.0160  0.0660
0124  | 8.000000e-03 | 8.000000e-02 |     NaN     NaN
0125  | 1.000000e-02 | 8.000000e-02 |     NaN     NaN
0126  | 1.200000e-02 | 8.000000e-02 |     NaN     NaN
0127  | 1.400000e-02 | 8.000000e-02 |     NaN     NaN
0128  | 1.600000e-02 | 8.000000e-02 |  0.0340  0.0930
0129  | 1.800000e-02 | 8.000000e-02 |  0.0610  0.0980
0130  | 2.000000e-02 | 8.000000e-02 |  0.0800  0.0980
0131  | 2.200000e-02 | 8.000000e-02 |  0.0950  0.0980
0132  | 2.400000e-02 | 8.000000e-02 |  0.1080  0.0970
0133  | 2.600000e-02 | 8.000000e-02 |  0.1200  0.0970
0134  | 2.800000e-02 | 8.000000e-02 |  0.1310  0.0970
0135  | 3.000000e-02 | 8.000000e-02 |  0.1410  0.0970
0136  | 2.000000e-03 | 9.000000e-02 |  0.0190  0.0660
0137  | 4.000000e-03 | 9.000000e-02 |  0.0190  0.0660
0138  | 6.000000e-03 | 9.000000e-02 |  0.0190  0.0660
0139  | 8.000000e-03 | 9.000000e-02 |  0.0200  0.0660
0140  | 1.000000e-02 | 9.000000e-02 |     NaN     NaN
0141  | 1.200000e-02 | 9.000000e-02 |     NaN     NaN
0142  | 1.400000e-02 | 9.000000e-02 |  0.0280  0.1660
0143  | 1.600000e-02 | 9.000000e-02 |  0.0320  0.1520
0144  | 1.800000e-02 | 9.000000e-02 |  0.0360  0.1280
0145  | 2.000000e-02 | 9.000000e-02 |  0.0670  0.1140
0146  | 2.200000e-02 | 9.000000e-02 |  0.0850  0.1120
0147  | 2.400000e-02 | 9.000000e-02 |  0.1000  0.1110
0148  | 2.600000e-02 | 9.000000e-02 |  0.1130  0.1100
0149  | 2.800000e-02 | 9.000000e-02 |  0.1240  0.1100
0150  | 3.000000e-02 | 9.000000e-02 |  0.1340  0.1090
0151  | 2.000000e-03 | 1.000000e-01 |  0.0220  0.0670
0152  | 4.000000e-03 | 1.000000e-01 |  0.0220  0.0670
0153  | 6.000000e-03 | 1.000000e-01 |  0.0220  0.0670
0154  | 8.000000e-03 | 1.000000e-01 |  0.0230  0.0670
0155  | 1.000000e-02 | 1.000000e-01 |     NaN     NaN
0156  | 1.200000e-02 | 1.000000e-01 |     NaN     NaN
0157  | 1.400000e-02 | 1.000000e-01 |  0.0320  0.1820
0158  | 1.600000e-02 | 1.000000e-01 |  0.0370  0.1700
0159  | 1.800000e-02 | 1.000000e-01 |  0.0440  0.1570
0160  | 2.000000e-02 | 1.000000e-01 |  0.0550  0.1420
0161  | 2.200000e-02 | 1.000000e-01 |  0.0740  0.1310
0162  | 2.400000e-02 | 1.000000e-01 |  0.0900  0.1270
0163  | 2.600000e-02 | 1.000000e-01 |  0.1040  0.1250
0164  | 2.800000e-02 | 1.000000e-01 |  0.1170  0.1240
0165  | 3.000000e-02 | 1.000000e-01 |  0.1280  0.1230
0166  | 2.000000e-03 | 1.200000e-01 |  0.0280  0.0690
0167  | 4.000000e-03 | 1.200000e-01 |  0.0280  0.0690
0168  | 6.000000e-03 | 1.200000e-01 |  0.0280  0.0690
0169  | 8.000000e-03 | 1.200000e-01 |  0.0290  0.0690
0170  | 1.000000e-02 | 1.200000e-01 |  0.0290  0.0690
0171  | 1.200000e-02 | 1.200000e-01 |  0.0290  0.0700
0172  | 1.400000e-02 | 1.200000e-01 |     NaN     NaN
0173  | 1.600000e-02 | 1.200000e-01 |  0.0380  0.2050
0174  | 1.800000e-02 | 1.200000e-01 |  0.0450  0.1950
0175  | 2.000000e-02 | 1.200000e-01 |  0.0530  0.1850
0176  | 2.200000e-02 | 1.200000e-01 |  0.0630  0.1750
0177  | 2.400000e-02 | 1.200000e-01 |  0.0750  0.1670
0178  | 2.600000e-02 | 1.200000e-01 |  0.0870  0.1600
0179  | 2.800000e-02 | 1.200000e-01 |  0.1000  0.1550
0180  | 3.000000e-02 | 1.200000e-01 |  0.1120  0.1520
0181  | 2.000000e-03 | 1.400000e-01 |  0.0340  0.0720
0182  | 4.000000e-03 | 1.400000e-01 |  0.0340  0.0720
0183  | 6.000000e-03 | 1.400000e-01 |  0.0340  0.0720
0184  | 8.000000e-03 | 1.400000e-01 |  0.0340  0.0720
0185  | 1.000000e-02 | 1.400000e-01 |  0.0340  0.0720
0186  | 1.200000e-02 | 1.400000e-01 |  0.0350  0.0720
0187  | 1.400000e-02 | 1.400000e-01 |  0.0350  0.0720
0188  | 1.600000e-02 | 1.400000e-01 |  0.0350  0.0730
0189  | 1.800000e-02 | 1.400000e-01 |     NaN     NaN
0190  | 2.000000e-02 | 1.400000e-01 |  0.0470  0.2220
0191  | 2.200000e-02 | 1.400000e-01 |  0.0550  0.2130
0192  | 2.400000e-02 | 1.400000e-01 |  0.0650  0.2040
0193  | 2.600000e-02 | 1.400000e-01 |  0.0750  0.1980
0194  | 2.800000e-02 | 1.400000e-01 |  0.0860  0.1910
0195  | 3.000000e-02 | 1.400000e-01 |  0.0970  0.1860
0196  | 2.000000e-03 | 1.600000e-01 |  0.0390  0.0750
0197  | 4.000000e-03 | 1.600000e-01 |  0.0390  0.0750
0198  | 6.000000e-03 | 1.600000e-01 |  0.0390  0.0750
0199  | 8.000000e-03 | 1.600000e-01 |  0.0390  0.0750
0200  | 1.000000e-02 | 1.600000e-01 |  0.0390  0.0750
0201  | 1.200000e-02 | 1.600000e-01 |  0.0390  0.0750
0202  | 1.400000e-02 | 1.600000e-01 |  0.0400  0.0760
0203  | 1.600000e-02 | 1.600000e-01 |  0.0400  0.0760
0204  | 1.800000e-02 | 1.600000e-01 |  0.0400  0.0770
0205  | 2.000000e-02 | 1.600000e-01 |     NaN     NaN
0206  | 2.200000e-02 | 1.600000e-01 |     NaN     NaN
0207  | 2.400000e-02 | 1.600000e-01 |  0.0550  0.2430
0208  | 2.600000e-02 | 1.600000e-01 |  0.0640  0.2350
0209  | 2.800000e-02 | 1.600000e-01 |  0.0730  0.2280
0210  | 3.000000e-02 | 1.600000e-01 |  0.0830  0.2220
0211  | 2.000000e-03 | 1.800000e-01 |  0.0430  0.0790
0212  | 4.000000e-03 | 1.800000e-01 |  0.0430  0.0790
0213  | 6.000000e-03 | 1.800000e-01 |  0.0430  0.0790
0214  | 8.000000e-03 | 1.800000e-01 |  0.0430  0.0790
0215  | 1.000000e-02 | 1.800000e-01 |  0.0440  0.0790
0216  | 1.200000e-02 | 1.800000e-01 |  0.0440  0.0790
0217  | 1.400000e-02 | 1.800000e-01 |  0.0440  0.0800
0218  | 1.600000e-02 | 1.800000e-01 |  0.0440  0.0800
0219  | 1.800000e-02 | 1.800000e-01 |  0.0440  0.0810
0220  | 2.000000e-02 | 1.800000e-01 |  0.0440  0.0810
0221  | 2.200000e-02 | 1.800000e-01 |  0.0440  0.0820
0222  | 2.400000e-02 | 1.800000e-01 |     NaN     NaN
0223  | 2.600000e-02 | 1.800000e-01 |  0.0560  0.2730
0224  | 2.800000e-02 | 1.800000e-01 |  0.0630  0.2660
0225  | 3.000000e-02 | 1.800000e-01 |  0.0710  0.2590
0226  | 2.000000e-03 | 2.000000e-01 |  0.0470  0.0830
0227  | 4.000000e-03 | 2.000000e-01 |  0.0470  0.0830
0228  | 6.000000e-03 | 2.000000e-01 |  0.0470  0.0830
0229  | 8.000000e-03 | 2.000000e-01 |  0.0470  0.0830
0230  | 1.000000e-02 | 2.000000e-01 |  0.0470  0.0830
0231  | 1.200000e-02 | 2.000000e-01 |  0.0470  0.0840
0232  | 1.400000e-02 | 2.000000e-01 |  0.0470  0.0840
0233  | 1.600000e-02 | 2.000000e-01 |  0.0470  0.0850
0234  | 1.800000e-02 | 2.000000e-01 |  0.0470  0.0850
0235  | 2.000000e-02 | 2.000000e-01 |  0.0470  0.0860
0236  | 2.200000e-02 | 2.000000e-01 |  0.0470  0.0870
0237  | 2.400000e-02 | 2.000000e-01 |  0.0470  0.0880
0238  | 2.600000e-02 | 2.000000e-01 |     NaN     NaN
0239  | 2.800000e-02 | 2.000000e-01 |     NaN     NaN
0240  | 3.000000e-02 | 2.000000e-01 |  0.0620  0.2950
0241  | 2.000000e-03 | 2.200000e-01 |  0.0500  0.0880
0242  | 4.000000e-03 | 2.200000e-01 |  0.0500  0.0880
0243  | 6.000000e-03 | 2.200000e-01 |  0.0500  0.0880
0244  | 8.000000e-03 | 2.200000e-01 |  0.0500  0.0880
0245  | 1.000000e-02 | 2.200000e-01 |  0.0500  0.0880
0246  | 1.200000e-02 | 2.200000e-01 |  0.0500  0.0890
0247  | 1.400000e-02 | 2.200000e-01 |  0.0500  0.0890
0248  | 1.600000e-02 | 2.200000e-01 |  0.0500  0.0900
0249  | 1.800000e-02 | 2.200000e-01 |  0.0500  0.0900
0250  | 2.000000e-02 | 2.200000e-01 |  0.0500  0.0910
0251  | 2.200000e-02 | 2.200000e-01 |  0.0500  0.0920
0252  | 2.400000e-02 | 2.200000e-01 |  0.0490  0.0930
0253  | 2.600000e-02 | 2.200000e-01 |  0.0490  0.0940
0254  | 2.800000e-02 | 2.200000e-01 |  0.0480  0.0940
0255  | 3.000000e-02 | 2.200000e-01 |     NaN     NaN
0256  | 2.000000e-03 | 2.400000e-01 |  0.0520  0.0930
0257  | 4.000000e-03 | 2.400000e-01 |  0.0520  0.0930
0258  | 6.000000e-03 | 2.400000e-01 |  0.0520  0.0930
0259  | 8.000000e-03 | 2.400000e-01 |  0.0520  0.0930
0260  | 1.000000e-02 | 2.400000e-01 |  0.0520  0.0930
0261  | 1.200000e-02 | 2.400000e-01 |  0.0520  0.0940
0262  | 1.400000e-02 | 2.400000e-01 |  0.0520  0.0940
0263  | 1.600000e-02 | 2.400000e-01 |  0.0510  0.0950
0264  | 1.800000e-02 | 2.400000e-01 |  0.0510  0.0950
0265  | 2.000000e-02 | 2.400000e-01 |  0.0510  0.0960
0266  | 2.200000e-02 | 2.400000e-01 |  0.0510  0.0970
0267  | 2.400000e-02 | 2.400000e-01 |  0.0500  0.0980
0268  | 2.600000e-02 | 2.400000e-01 |  0.0500  0.0980
0269  | 2.800000e-02 | 2.400000e-01 |  0.0490  0.0990
0270  | 3.000000e-02 | 2.400000e-01 |  0.0490  0.1010
0271  | 2.000000e-03 | 2.600000e-01 |  0.0540  0.0990
0272  | 4.000000e-03 | 2.600000e-01 |  0.0540  0.0990
0273  | 6.000000e-03 | 2.600000e-01 |  0.0540  0.0990
0274  | 8.000000e-03 | 2.600000e-01 |  0.0530  0.0990
0275  | 1.000000e-02 | 2.600000e-01 |  0.0530  0.0990
0276  | 1.200000e-02 | 2.600000e-01 |  0.0530  0.0990
0277  | 1.400000e-02 | 2.600000e-01 |  0.0530  0.0990
0278  | 1.600000e-02 | 2.600000e-01 |  0.0520  0.1000
0279  | 1.800000e-02 | 2.600000e-01 |  0.0520  0.1000
0280  | 2.000000e-02 | 2.600000e-01 |  0.0510  0.1010
0281  | 2.200000e-02 | 2.600000e-01 |  0.0510  0.1010
0282  | 2.400000e-02 | 2.600000e-01 |  0.0500  0.1020
0283  | 2.600000e-02 | 2.600000e-01 |  0.0500  0.1030
0284  | 2.800000e-02 | 2.600000e-01 |  0.0490  0.1040
0285  | 3.000000e-02 | 2.600000e-01 |  0.0480  0.1050
0286  | 2.000000e-03 | 2.800000e-01 |     NaN     NaN
0287  | 4.000000e-03 | 2.800000e-01 |  0.0550  0.1050
0288  | 6.000000e-03 | 2.800000e-01 |  0.0550  0.1050
0289  | 8.000000e-03 | 2.800000e-01 |  0.0540  0.1050
0290  | 1.000000e-02 | 2.800000e-01 |  0.0540  0.1050
0291  | 1.200000e-02 | 2.800000e-01 |  0.0540  0.1050
0292  | 1.400000e-02 | 2.800000e-01 |  0.0530  0.1050
0293  | 1.600000e-02 | 2.800000e-01 |  0.0530  0.1050
0294  | 1.800000e-02 | 2.800000e-01 |  0.0520  0.1050
0295  | 2.000000e-02 | 2.800000e-01 |  0.0510  0.1060
0296  | 2.200000e-02 | 2.800000e-01 |  0.0510  0.1060
0297  | 2.400000e-02 | 2.800000e-01 |  0.0500  0.1070
0298  | 2.600000e-02 | 2.800000e-01 |  0.0500  0.1070
0299  | 2.800000e-02 | 2.800000e-01 |  0.0490  0.1080
0300  | 3.000000e-02 | 2.800000e-01 |  0.0480  0.1080
0301  | 2.000000e-03 | 3.000000e-01 |     NaN     NaN
0302  | 4.000000e-03 | 3.000000e-01 |     NaN     NaN
0303  | 6.000000e-03 | 3.000000e-01 |     NaN     NaN
0304  | 8.000000e-03 | 3.000000e-01 |     NaN     NaN
0305  | 1.000000e-02 | 3.000000e-01 |     NaN     NaN
0306  | 1.200000e-02 | 3.000000e-01 |     NaN     NaN
0307  | 1.400000e-02 | 3.000000e-01 |     NaN     NaN
0308  | 1.600000e-02 | 3.000000e-01 |     NaN     NaN
0309  | 1.800000e-02 | 3.000000e-01 |     NaN     NaN
0310  | 2.000000e-02 | 3.000000e-01 |     NaN     NaN
0311  | 2.200000e-02 | 3.000000e-01 |     NaN     NaN
0312  | 2.400000e-02 | 3.000000e-01 |     NaN     NaN
0313  | 2.600000e-02 | 3.000000e-01 |     NaN     NaN
0314  | 2.800000e-02 | 3.000000e-01 |     NaN     NaN
0315  | 3.000000e-02 | 3.000000e-01 |     NaN     NaN
0316  | 2.000000e-03 | 4.000000e-01 |     NaN     NaN
0317  | 4.000000e-03 | 4.000000e-01 |     NaN     NaN
0318  | 6.000000e-03 | 4.000000e-01 |     NaN     NaN
0319  | 8.000000e-03 | 4.000000e-01 |     NaN     NaN
0320  | 1.000000e-02 | 4.000000e-01 |     NaN     NaN
0321  | 1.200000e-02 | 4.000000e-01 |  0.0690  0.2710
0322  | 1.400000e-02 | 4.000000e-01 |  0.0700  0.2710
0323  | 1.600000e-02 | 4.000000e-01 |  0.0700  0.2720
0324  | 1.800000e-02 | 4.000000e-01 |  0.0700  0.2720
0325  | 2.000000e-02 | 4.000000e-01 |  0.0700  0.2730
0326  | 2.200000e-02 | 4.000000e-01 |  0.0700  0.2730
0327  | 2.400000e-02 | 4.000000e-01 |  0.0700  0.2740
0328  | 2.600000e-02 | 4.000000e-01 |  0.0700  0.2740
0329  | 2.800000e-02 | 4.000000e-01 |  0.0700  0.2750
0330  | 3.000000e-02 | 4.000000e-01 |     NaN     NaN
0331  | 2.000000e-03 | 5.000000e-01 |  0.0850  0.2890
0332  | 4.000000e-03 | 5.000000e-01 |  0.0830  0.2930
0333  | 6.000000e-03 | 5.000000e-01 |  0.0820  0.2970
0334  | 8.000000e-03 | 5.000000e-01 |  0.0810  0.2990
0335  | 1.000000e-02 | 5.000000e-01 |  0.0810  0.3000
0336  | 1.200000e-02 | 5.000000e-01 |  0.0820  0.3010
0337  | 1.400000e-02 | 5.000000e-01 |  0.0810  0.3030
0338  | 1.600000e-02 | 5.000000e-01 |  0.0800  0.3030
0339  | 1.800000e-02 | 5.000000e-01 |  0.0800  0.3050
0340  | 2.000000e-02 | 5.000000e-01 |  0.0800  0.3050
0341  | 2.200000e-02 | 5.000000e-01 |  0.0790  0.3060
0342  | 2.400000e-02 | 5.000000e-01 |     NaN     NaN
0343  | 2.600000e-02 | 5.000000e-01 |     NaN     NaN
0344  | 2.800000e-02 | 5.000000e-01 |     NaN     NaN
0345  | 3.000000e-02 | 5.000000e-01 |     NaN     NaN
0346  | 2.000000e-03 | 6.000000e-01 |  0.0980  0.3400
0347  | 4.000000e-03 | 6.000000e-01 |  0.0920  0.3470
0348  | 6.000000e-03 | 6.000000e-01 |  0.0880  0.3540
0349  | 8.000000e-03 | 6.000000e-01 |  0.0880  0.3600
0350  | 1.000000e-02 | 6.000000e-01 |  0.0890  0.3640
0351  | 1.200000e-02 | 6.000000e-01 |  0.0900  0.3660
0352  | 1.400000e-02 | 6.000000e-01 |  0.0890  0.3680
0353  | 1.600000e-02 | 6.000000e-01 |  0.0890  0.3700
0354  | 1.800000e-02 | 6.000000e-01 |  0.0880  0.3720
0355  | 2.000000e-02 | 6.000000e-01 |  0.0880  0.3740
0356  | 2.200000e-02 | 6.000000e-01 |  0.0870  0.3750
0357  | 2.400000e-02 | 6.000000e-01 |  0.0860  0.3760
0358  | 2.600000e-02 | 6.000000e-01 |  0.0850  0.3780
0359  | 2.800000e-02 | 6.000000e-01 |     NaN     NaN
0360  | 3.000000e-02 | 6.000000e-01 |     NaN     NaN
0361  | 2.000000e-03 | 7.000000e-01 |  0.1140  0.3950
0362  | 4.000000e-03 | 7.000000e-01 |  0.1100  0.3970
0363  | 6.000000e-03 | 7.000000e-01 |  0.1060  0.3980
0364  | 8.000000e-03 | 7.000000e-01 |  0.1040  0.4000
0365  | 1.000000e-02 | 7.000000e-01 |  0.1020  0.4010
0366  | 1.200000e-02 | 7.000000e-01 |  0.0990  0.4030
0367  | 1.400000e-02 | 7.000000e-01 |  0.0970  0.4040
0368  | 1.600000e-02 | 7.000000e-01 |  0.0960  0.4040
0369  | 1.800000e-02 | 7.000000e-01 |  0.0940  0.4050
0370  | 2.000000e-02 | 7.000000e-01 |  0.0920  0.4060
0371  | 2.200000e-02 | 7.000000e-01 |  0.0900  0.4070
0372  | 2.400000e-02 | 7.000000e-01 |  0.0880  0.4070
0373  | 2.600000e-02 | 7.000000e-01 |     NaN     NaN
0374  | 2.800000e-02 | 7.000000e-01 |     NaN     NaN
0375  | 3.000000e-02 | 7.000000e-01 |     NaN     NaN
0376  | 2.000000e-03 | 8.000000e-01 |  0.1140  0.4420
0377  | 4.000000e-03 | 8.000000e-01 |  0.1090  0.4410
0378  | 6.000000e-03 | 8.000000e-01 |  0.1050  0.4400
0379  | 8.000000e-03 | 8.000000e-01 |  0.1010  0.4390
0380  | 1.000000e-02 | 8.000000e-01 |  0.0980  0.4390
0381  | 1.200000e-02 | 8.000000e-01 |  0.0950  0.4380
0382  | 1.400000e-02 | 8.000000e-01 |  0.0920  0.4370
0383  | 1.600000e-02 | 8.000000e-01 |  0.0900  0.4360
0384  | 1.800000e-02 | 8.000000e-01 |  0.0870  0.4360
0385  | 2.000000e-02 | 8.000000e-01 |  0.0850  0.4350
0386  | 2.200000e-02 | 8.000000e-01 |     NaN     NaN
0387  | 2.400000e-02 | 8.000000e-01 |     NaN     NaN
0388  | 2.600000e-02 | 8.000000e-01 |  0.0860  0.7840
0389  | 2.800000e-02 | 8.000000e-01 |  0.0890  0.7840
0390  | 3.000000e-02 | 8.000000e-01 |  0.0900  0.7840
0391  | 2.000000e-03 | 9.000000e-01 |  0.1010  0.4860
0392  | 4.000000e-03 | 9.000000e-01 |  0.0960  0.4820
0393  | 6.000000e-03 | 9.000000e-01 |  0.0920  0.4780
0394  | 8.000000e-03 | 9.000000e-01 |  0.0880  0.4760
0395  | 1.000000e-02 | 9.000000e-01 |  0.0850  0.4720
0396  | 1.200000e-02 | 9.000000e-01 |  0.0820  0.4700
0397  | 1.400000e-02 | 9.000000e-01 |  0.0780  0.4670
0398  | 1.600000e-02 | 9.000000e-01 |     NaN     NaN
0399  | 1.800000e-02 | 9.000000e-01 |  0.0800  0.7980
0400  | 2.000000e-02 | 9.000000e-01 |  0.0830  0.7980
0401  | 2.200000e-02 | 9.000000e-01 |  0.0860  0.7990
0402  | 2.400000e-02 | 9.000000e-01 |  0.0890  0.7990
0403  | 2.600000e-02 | 9.000000e-01 |  0.0900  0.8000
0404  | 2.800000e-02 | 9.000000e-01 |  0.0920  0.8010
0405  | 3.000000e-02 | 9.000000e-01 |  0.0930  0.8020
