0001  | 1.000000e-02 |     NaN     NaN
0002  | 2.000000e-02 |     NaN     NaN
0003  | 3.000000e-02 |     NaN     NaN
0004  | 4.000000e-02 |     NaN     NaN
0005  | 5.000000e-02 |     NaN     NaN
0006  | 6.000000e-02 |     NaN     NaN
0007  | 7.000000e-02 |  0.0120  0.0650
0008  | 8.000000e-02 |  0.0150  0.0660
0009  | 9.000000e-02 |  0.0190  0.0660
0010  | 1.000000e-01 |  0.0220  0.0670
0011  | 1.200000e-01 |  0.0280  0.0690
0012  | 1.400000e-01 |  0.0340  0.0720
0013  | 1.600000e-01 |  0.0390  0.0750
0014  | 1.800000e-01 |  0.0430  0.0790
0015  | 2.000000e-01 |  0.0470  0.0830
0016  | 2.200000e-01 |  0.0500  0.0880
0017  | 2.400000e-01 |  0.0530  0.0930
0018  | 2.600000e-01 |  0.0540  0.1000
0019  | 2.800000e-01 |     NaN     NaN
0020  | 3.000000e-01 |  0.0620  0.1570
0021  | 4.000000e-01 |  0.0760  0.1940
0022  | 5.000000e-01 |  0.0890  0.2840
0023  | 6.000000e-01 |  0.1070  0.3350
0024  | 7.000000e-01 |  0.1210  0.3920
0025  | 8.000000e-01 |  0.1210  0.4440
0026  | 9.000000e-01 |  0.1070  0.4930
