0001  | 2.000000e-03 | 6.000000e-01 |  0.0690  0.2970
0002  | 4.000000e-03 | 6.000000e-01 |  0.0650  0.3000
0003  | 6.000000e-03 | 6.000000e-01 |  0.0630  0.2990
0004  | 8.000000e-03 | 6.000000e-01 |  0.0600  0.2990
0005  | 1.000000e-02 | 6.000000e-01 |  0.0590  0.3000
0006  | 1.200000e-02 | 6.000000e-01 |  0.0590  0.3020
0007  | 1.400000e-02 | 6.000000e-01 |     NaN     NaN
0008  | 1.600000e-02 | 6.000000e-01 |     NaN     NaN
0009  | 1.800000e-02 | 6.000000e-01 |     NaN     NaN
0010  | 2.000000e-02 | 6.000000e-01 |     NaN     NaN
0011  | 2.200000e-02 | 6.000000e-01 |     NaN     NaN
0012  | 2.400000e-02 | 6.000000e-01 |     NaN     NaN
0013  | 2.600000e-02 | 6.000000e-01 |  0.0590  0.6290
0014  | 2.800000e-02 | 6.000000e-01 |  0.0610  0.6280
0015  | 3.000000e-02 | 6.000000e-01 |  0.0630  0.6260
0016  | 2.000000e-03 | 7.000000e-01 |  0.0750  0.3560
0017  | 4.000000e-03 | 7.000000e-01 |  0.0720  0.3600
0018  | 6.000000e-03 | 7.000000e-01 |  0.0720  0.3620
0019  | 8.000000e-03 | 7.000000e-01 |  0.0700  0.3630
0020  | 1.000000e-02 | 7.000000e-01 |  0.0680  0.3650
0021  | 1.200000e-02 | 7.000000e-01 |  0.0670  0.3660
0022  | 1.400000e-02 | 7.000000e-01 |  0.0660  0.3670
0023  | 1.600000e-02 | 7.000000e-01 |  0.0640  0.3680
0024  | 1.800000e-02 | 7.000000e-01 |  0.0640  0.3690
0025  | 2.000000e-02 | 7.000000e-01 |     NaN     NaN
0026  | 2.200000e-02 | 7.000000e-01 |     NaN     NaN
0027  | 2.400000e-02 | 7.000000e-01 |     NaN     NaN
0028  | 2.600000e-02 | 7.000000e-01 |  0.0660  0.6570
0029  | 2.800000e-02 | 7.000000e-01 |  0.0670  0.6560
0030  | 3.000000e-02 | 7.000000e-01 |  0.0690  0.6560
0031  | 2.000000e-03 | 8.000000e-01 |  0.0820  0.3940
0032  | 4.000000e-03 | 8.000000e-01 |  0.0790  0.3930
0033  | 6.000000e-03 | 8.000000e-01 |  0.0750  0.3930
0034  | 8.000000e-03 | 8.000000e-01 |  0.0730  0.3920
0035  | 1.000000e-02 | 8.000000e-01 |  0.0710  0.3930
0036  | 1.200000e-02 | 8.000000e-01 |  0.0690  0.3920
0037  | 1.400000e-02 | 8.000000e-01 |  0.0680  0.3920
0038  | 1.600000e-02 | 8.000000e-01 |  0.0660  0.3910
0039  | 1.800000e-02 | 8.000000e-01 |     NaN     NaN
0040  | 2.000000e-02 | 8.000000e-01 |     NaN     NaN
0041  | 2.200000e-02 | 8.000000e-01 |     NaN     NaN
0042  | 2.400000e-02 | 8.000000e-01 |  0.0680  0.6760
0043  | 2.600000e-02 | 8.000000e-01 |  0.0690  0.6770
0044  | 2.800000e-02 | 8.000000e-01 |  0.0710  0.6770
0045  | 3.000000e-02 | 8.000000e-01 |  0.0730  0.6770
0046  | 2.000000e-03 | 9.000000e-01 |  0.0720  0.4280
0047  | 4.000000e-03 | 9.000000e-01 |  0.0690  0.4250
0048  | 6.000000e-03 | 9.000000e-01 |  0.0650  0.4230
0049  | 8.000000e-03 | 9.000000e-01 |  0.0630  0.4200
0050  | 1.000000e-02 | 9.000000e-01 |  0.0620  0.4170
0051  | 1.200000e-02 | 9.000000e-01 |  0.0590  0.4150
0052  | 1.400000e-02 | 9.000000e-01 |     NaN     NaN
0053  | 1.600000e-02 | 9.000000e-01 |     NaN     NaN
0054  | 1.800000e-02 | 9.000000e-01 |  0.0630  0.6900
0055  | 2.000000e-02 | 9.000000e-01 |  0.0650  0.6900
0056  | 2.200000e-02 | 9.000000e-01 |  0.0670  0.6900
0057  | 2.400000e-02 | 9.000000e-01 |  0.0680  0.6910
0058  | 2.600000e-02 | 9.000000e-01 |  0.0700  0.6910
0059  | 2.800000e-02 | 9.000000e-01 |  0.0710  0.6910
0060  | 3.000000e-02 | 9.000000e-01 |  0.0710  0.6920
