0016  | 2.000000e-03 | 3.000000e-01 |     NaN     NaN
0017  | 4.000000e-03 | 3.000000e-01 |     NaN     NaN
0018  | 6.000000e-03 | 3.000000e-01 |     NaN     NaN
0019  | 8.000000e-03 | 3.000000e-01 |     NaN     NaN
0020  | 1.000000e-02 | 3.000000e-01 |  0.0930  0.2910
0021  | 1.200000e-02 | 3.000000e-01 |  0.0930  0.2910
0022  | 1.400000e-02 | 3.000000e-01 |  0.0930  0.2920
0023  | 1.600000e-02 | 3.000000e-01 |  0.0930  0.2930
0024  | 1.800000e-02 | 3.000000e-01 |  0.0930  0.2940
0025  | 2.000000e-02 | 3.000000e-01 |  0.0920  0.2950
0026  | 2.200000e-02 | 3.000000e-01 |  0.0920  0.2950
0027  | 2.400000e-02 | 3.000000e-01 |     NaN     NaN
0028  | 2.600000e-02 | 3.000000e-01 |     NaN     NaN
0029  | 2.800000e-02 | 3.000000e-01 |  0.0990  0.6420
0030  | 3.000000e-02 | 3.000000e-01 |  0.1050  0.6330
0031  | 2.000000e-03 | 4.000000e-01 |  0.1150  0.3290
0032  | 4.000000e-03 | 4.000000e-01 |  0.1180  0.3270
0033  | 6.000000e-03 | 4.000000e-01 |  0.1200  0.3290
0034  | 8.000000e-03 | 4.000000e-01 |  0.1210  0.3310
0035  | 1.000000e-02 | 4.000000e-01 |  0.1210  0.3320
0036  | 1.200000e-02 | 4.000000e-01 |  0.1210  0.3330
0037  | 1.400000e-02 | 4.000000e-01 |  0.1210  0.3340
0038  | 1.600000e-02 | 4.000000e-01 |  0.1210  0.3360
0039  | 1.800000e-02 | 4.000000e-01 |  0.1200  0.3370
0040  | 2.000000e-02 | 4.000000e-01 |  0.1210  0.3380
0041  | 2.200000e-02 | 4.000000e-01 |  0.1190  0.3370
0042  | 2.400000e-02 | 4.000000e-01 |  0.1180  0.3380
0043  | 2.600000e-02 | 4.000000e-01 |  0.1180  0.3390
0044  | 2.800000e-02 | 4.000000e-01 |  0.1180  0.3390
0045  | 3.000000e-02 | 4.000000e-01 |  0.1170  0.3380
0046  | 2.000000e-03 | 5.000000e-01 |  0.1410  0.3760
0047  | 4.000000e-03 | 5.000000e-01 |  0.1360  0.3830
0048  | 6.000000e-03 | 5.000000e-01 |  0.1340  0.3860
0049  | 8.000000e-03 | 5.000000e-01 |     NaN     NaN
0050  | 1.000000e-02 | 5.000000e-01 |  0.1300  0.4100
0051  | 1.200000e-02 | 5.000000e-01 |  0.1330  0.4120
0052  | 1.400000e-02 | 5.000000e-01 |  0.1340  0.4160
0053  | 1.600000e-02 | 5.000000e-01 |  0.1350  0.4190
0054  | 1.800000e-02 | 5.000000e-01 |  0.1340  0.4210
0055  | 2.000000e-02 | 5.000000e-01 |  0.1340  0.4240
0056  | 2.200000e-02 | 5.000000e-01 |  0.1330  0.4260
0057  | 2.400000e-02 | 5.000000e-01 |  0.1330  0.4290
0058  | 2.600000e-02 | 5.000000e-01 |  0.1310  0.4310
0059  | 2.800000e-02 | 5.000000e-01 |  0.1300  0.4330
0060  | 3.000000e-02 | 5.000000e-01 |  0.1290  0.4350
0061  | 2.000000e-03 | 6.000000e-01 |  0.1620  0.4540
0062  | 4.000000e-03 | 6.000000e-01 |  0.1580  0.4590
0063  | 6.000000e-03 | 6.000000e-01 |  0.1550  0.4630
0064  | 8.000000e-03 | 6.000000e-01 |  0.1530  0.4670
0065  | 1.000000e-02 | 6.000000e-01 |  0.1510  0.4690
0066  | 1.200000e-02 | 6.000000e-01 |  0.1490  0.4720
0067  | 1.400000e-02 | 6.000000e-01 |  0.1470  0.4740
0068  | 1.600000e-02 | 6.000000e-01 |  0.1450  0.4760
0069  | 1.800000e-02 | 6.000000e-01 |  0.1430  0.4780
0070  | 2.000000e-02 | 6.000000e-01 |  0.1400  0.4800
0071  | 2.200000e-02 | 6.000000e-01 |  0.1380  0.4810
0072  | 2.400000e-02 | 6.000000e-01 |  0.1360  0.4830
0073  | 2.600000e-02 | 6.000000e-01 |  0.1330  0.4840
0074  | 2.800000e-02 | 6.000000e-01 |  0.1310  0.4850
0075  | 3.000000e-02 | 6.000000e-01 |  0.1280  0.4860
0076  | 2.000000e-03 | 7.000000e-01 |  0.1700  0.5250
0077  | 4.000000e-03 | 7.000000e-01 |  0.1640  0.5260
0078  | 6.000000e-03 | 7.000000e-01 |  0.1590  0.5280
0079  | 8.000000e-03 | 7.000000e-01 |  0.1540  0.5290
0080  | 1.000000e-02 | 7.000000e-01 |  0.1500  0.5290
0081  | 1.200000e-02 | 7.000000e-01 |  0.1460  0.5300
0082  | 1.400000e-02 | 7.000000e-01 |  0.1430  0.5310
0083  | 1.600000e-02 | 7.000000e-01 |  0.1390  0.5310
0084  | 1.800000e-02 | 7.000000e-01 |  0.1360  0.5320
0085  | 2.000000e-02 | 7.000000e-01 |  0.1330  0.5320
0086  | 2.200000e-02 | 7.000000e-01 |  0.1290  0.5330
0087  | 2.400000e-02 | 7.000000e-01 |  0.1260  0.5330
0088  | 2.600000e-02 | 7.000000e-01 |  0.1230  0.5330
0089  | 2.800000e-02 | 7.000000e-01 |  0.1200  0.5330
0090  | 3.000000e-02 | 7.000000e-01 |  0.1170  0.5320
0091  | 2.000000e-03 | 8.000000e-01 |  0.1610  0.5910
0092  | 4.000000e-03 | 8.000000e-01 |  0.1540  0.5880
0093  | 6.000000e-03 | 8.000000e-01 |  0.1480  0.5860
0094  | 8.000000e-03 | 8.000000e-01 |  0.1430  0.5840
0095  | 1.000000e-02 | 8.000000e-01 |  0.1380  0.5820
0096  | 1.200000e-02 | 8.000000e-01 |  0.1330  0.5810
0097  | 1.400000e-02 | 8.000000e-01 |  0.1290  0.5790
0098  | 1.600000e-02 | 8.000000e-01 |  0.1250  0.5780
0099  | 1.800000e-02 | 8.000000e-01 |  0.1210  0.5770
0100  | 2.000000e-02 | 8.000000e-01 |  0.1170  0.5760
0101  | 2.200000e-02 | 8.000000e-01 |  0.1130  0.5740
0102  | 2.400000e-02 | 8.000000e-01 |  0.1100  0.5730
0103  | 2.600000e-02 | 8.000000e-01 |  0.1060  0.5720
0104  | 2.800000e-02 | 8.000000e-01 |  0.1030  0.5700
0105  | 3.000000e-02 | 8.000000e-01 |     NaN     NaN
0106  | 2.000000e-03 | 9.000000e-01 |  0.1320  0.6430
0107  | 4.000000e-03 | 9.000000e-01 |  0.1270  0.6360
0108  | 6.000000e-03 | 9.000000e-01 |  0.1230  0.6300
0109  | 8.000000e-03 | 9.000000e-01 |  0.1190  0.6250
0110  | 1.000000e-02 | 9.000000e-01 |  0.1150  0.6210
0111  | 1.200000e-02 | 9.000000e-01 |  0.1110  0.6170
0112  | 1.400000e-02 | 9.000000e-01 |  0.1080  0.6130
0113  | 1.600000e-02 | 9.000000e-01 |  0.1040  0.6100
0114  | 1.800000e-02 | 9.000000e-01 |  0.1010  0.6080
0115  | 2.000000e-02 | 0.000000e+00 |     NaN     NaN
0116  | 2.200000e-02 | 0.000000e+00 |     NaN     NaN
0117  | 2.400000e-02 | 0.000000e+00 |     NaN     NaN
0118  | 2.600000e-02 | 0.000000e+00 |     NaN     NaN
0119  | 2.800000e-02 | 0.000000e+00 |     NaN     NaN
0120  | 3.000000e-02 | 0.000000e+00 |     NaN     NaN
