2.3657847178
2.1463099539
1.95060227
1.7285676479
1.4806555118
1.3572049342
1.2579185433
1.1909326454
1.203013433
1.246031134
1.3600993933
1.5135611193
1.6654922511
1.8527056664
2.043902451
2.2659513505
2.4742245176
2.6414788003
2.7025106431
2.5976573949
2.3147146586
1.9350258196
1.5253775907
1.1403199013
0.83017836096
0.62715440283
0.54635495475
0.59337548608
0.73189635376
0.92109742744
1.1108853097
1.238434841
1.3181896627
1.4028536402
1.4808593915
1.6406018269
1.8429923018
2.0822978423
2.3740035629
2.6544462665
3.0328572727
3.2984946246
3.5356455404
3.6179047218
3.6501633359
3.6401742736
3.5121426116
3.3181328822
3.0287790417
2.6824856342
2.3517180168
1.9796273111
1.6257310528
1.3237424502
1.0473782078
0.82859125044
0.67313292206
0.55728060786
0.47849563137
0.41174426629
0.35825922131
0.31444201448
0.2804850772
0.26020860541
0.25259304891
0.26020860541
0.2804850772
0.31444201448
0.35825922131
0.41174426629
0.47849563137
0.55728060786
0.67313292206
0.82859125044
1.0473782078
1.3237424502
1.6257310528
1.9796273111
2.3517180168
2.6824856342
3.0287790417
3.3181328822
3.5121426116
3.6401742736
3.6501633359
3.6179047218
3.5356455404
3.2984946246
3.0328572727
2.6544462665
2.3740035629
2.0822978423
1.8429923018
1.6406018269
1.4808593915
1.4028536402
1.3181896627
1.238434841
1.1108853097
0.92109742744
0.73189635376
0.59337548608
0.54635495475
0.62715440283
0.83017836096
1.1403199013
1.5253775907
1.9350258196
2.3147146586
2.5976573949
2.7025106431
2.6414788003
2.4742245176
2.2659513505
2.043902451
1.8527056664
1.6654922511
1.5135611193
1.3600993933
1.246031134
1.203013433
1.1909326454
1.2579185433
1.3572049342
1.4806555118
1.7285676479
1.95060227
2.1463099539
