1.1161039325
1.1010939251
1.0994386952
1.1041515746
1.1050967006
1.1068155068
1.1119999621
1.1111980919
1.1103366959
1.1106073069
1.1085256053
1.1036794602
1.1023116618
1.1067984717
1.1136707143
1.1242406549
1.13385847
1.1377447339
1.1333196078
1.1251722797
1.1154816409
1.1075487712
1.1084460135
1.1158569902
1.1208085265
1.1209908087
1.1172358535
1.1125688992
1.1062937133
1.0921505457
1.0790662445
1.0719539424
1.0627829277
1.0538183053
1.0487704633
1.04422534
1.037551907
1.0308632445
1.0247514729
1.0135877248
1.0006838213
0.99285733625
0.98609959264
0.97568878902
0.96473181459
0.95879452763
0.95632021015
0.95421217693
0.95256038519
0.95255686506
0.9527731284
0.95008119794
0.95071360108
0.96050003986
0.9710681423
0.97340723779
0.9663443596
0.95757619614
0.95429020851
0.95527569483
0.95547981838
0.9523004045
0.94779701373
0.94475234732
0.94362491582
0.94475234732
0.94779701373
0.9523004045
0.95547981838
0.95527569483
0.95429020851
0.95757619614
0.9663443596
0.97340723779
0.9710681423
0.96050003986
0.95071360108
0.95008119794
0.9527731284
0.95255686506
0.95256038519
0.95421217693
0.95632021015
0.95879452763
0.96473181459
0.97568878902
0.98609959264
0.99285733625
1.0006838213
1.0135877248
1.0247514729
1.0308632445
1.037551907
1.04422534
1.0487704633
1.0538183053
1.0627829277
1.0719539424
1.0790662445
1.0921505457
1.1062937133
1.1125688992
1.1172358535
1.1209908087
1.1208085265
1.1158569902
1.1084460135
1.1075487712
1.1154816409
1.1251722797
1.1333196078
1.1377447339
1.13385847
1.1242406549
1.1136707143
1.1067984717
1.1023116618
1.1036794602
1.1085256053
1.1106073069
1.1103366959
1.1111980919
1.1119999621
1.1068155068
1.1050967006
1.1041515746
1.0994386952
1.1010939251
