25.615403246
18.849761045
14.050334034
10.671562257
7.9411329479
5.8423978873
4.4763401339
3.3410234301
2.6248215159
2.0656270656
1.6577089574
1.3735155734
1.1499160431
0.98604053145
0.897826922
0.85273452454
0.7787296853
0.7024356999
0.63086873066
0.58440125749
0.58469187053
0.62967656544
0.73794837668
0.92594340403
1.2128225474
1.5986915649
2.0348726158
2.5090041955
3.0068758722
3.5059124471
4.0453922762
4.6366604554
5.2508436267
5.8201808973
6.3909202601
6.9871829223
7.5303930736
8.0394096738
8.5265695127
8.9010274821
9.1402105027
9.2152506724
8.9562776159
8.2581143472
7.310872398
6.4242352869
5.6670875973
4.9356112499
4.1292077596
3.2960991837
2.5348094652
1.9067997743
1.4303823347
1.091176082
0.85624748267
0.6969681893
0.58305326475
0.49442384859
0.42414241781
0.36734621454
0.32447393564
0.29232255535
0.27069371389
0.26003139177
0.25665241769
0.26003139177
0.27069371389
0.29232255535
0.32447393564
0.36734621454
0.42414241781
0.49442384859
0.58305326475
0.6969681893
0.85624748267
1.091176082
1.4303823347
1.9067997743
2.5348094652
3.2960991837
4.1292077596
4.9356112499
5.6670875973
6.4242352869
7.310872398
8.2581143472
8.9562776159
9.2152506724
9.1402105027
8.9010274821
8.5265695127
8.0394096738
7.5303930736
6.9871829223
6.3909202601
5.8201808973
5.2508436267
4.6366604554
4.0453922762
3.5059124471
3.0068758722
2.5090041955
2.0348726158
1.5986915649
1.2128225474
0.92594340403
0.73794837668
0.62967656544
0.58469187053
0.58440125749
0.63086873066
0.7024356999
0.7787296853
0.85273452454
0.897826922
0.98604053145
1.1499160431
1.3735155734
1.6577089574
2.0656270656
2.6248215159
3.3410234301
4.4763401339
5.8423978873
7.9411329479
10.671562257
14.050334034
18.849761045
