&parameters
gridpoints =   128
q0 =   1.1185532000000000E+00
shat =  -1.3025610000000001E-01
s0   =   1.0000000000000000E+00
minor_r=   1.0000000000000000E+00
trpeps =   0.0000000000000000E+00
beta =   0.0000000000000000E+00
Lref =   0.0000000000000000E+00
Bref =   0.0000000000000000E+00
magn_geometry = 'gist'
/
/
  2.1360455225999999E+00  1.9542140449000001E+00  0.0000000000000000E+00  2.3657847178000000E+00  0.0000000000000000E+00  0.0000000000000000E+00  1.1103420182999999E+00  4.1025420074999999E-02  1.1089100944999999E-01 -3.8961611218999997E-01  1.0757609323000001E+01  0.0000000000000000E+00  0.0000000000000000E+00  0.0000000000000000E+00  0.0000000000000000E+00  0.0000000000000000E+00
  1.6458166299999999E+00  1.5361969733000000E+00  0.0000000000000000E+00  2.1463099538999999E+00  0.0000000000000000E+00  0.0000000000000000E+00  1.0821375074999999E+00  1.6292614693000002E-02  9.8550279613999994E-02 -7.1979564668999996E-01  1.1321538030999999E+01  0.0000000000000000E+00  0.0000000000000000E+00  0.0000000000000000E+00  0.0000000000000000E+00  0.0000000000000000E+00
  1.2921121614000000E+00  1.1868144278999999E+00  0.0000000000000000E+00  1.9506022700000001E+00  0.0000000000000000E+00  0.0000000000000000E+00  1.0537737962000000E+00 -3.1772321102999997E-02  1.1074902021999999E-01 -3.3498655810000000E-01  1.1938819071999999E+01  0.0000000000000000E+00  0.0000000000000000E+00  0.0000000000000000E+00  0.0000000000000000E+00  0.0000000000000000E+00
  1.0837818648999999E+00  8.9269638504000004E-01  0.0000000000000000E+00  1.7285676479000001E+00  0.0000000000000000E+00  0.0000000000000000E+00  1.0368753401999999E+00  2.0440838366000001E-03  8.4291248432000004E-02 -5.6413422268000002E-01  1.2331477390000000E+01  0.0000000000000000E+00  0.0000000000000000E+00  0.0000000000000000E+00  0.0000000000000000E+00  0.0000000000000000E+00
  9.2036758567999999E-01  5.9924443654000004E-01  0.0000000000000000E+00  1.4806555118000000E+00  0.0000000000000000E+00  0.0000000000000000E+00  1.0011546112000000E+00 -2.4122016924000001E-02  3.5966709765000000E-02 -6.7999860278000002E-01  1.3234557604000001E+01  0.0000000000000000E+00  0.0000000000000000E+00  0.0000000000000000E+00  0.0000000000000000E+00  0.0000000000000000E+00
  8.4626357399999996E-01  4.2644880557999998E-01  0.0000000000000000E+00  1.3572049342000001E+00  0.0000000000000000E+00  0.0000000000000000E+00  9.8257352413999999E-01 -5.4758068999000001E-02  5.1791436851000003E-02 -1.4578159809999999E-01  1.3730575049000000E+01  0.0000000000000000E+00  0.0000000000000000E+00  0.0000000000000000E+00  0.0000000000000000E+00  0.0000000000000000E+00
  8.2909242211000000E-01  3.1330000154999998E-01  0.0000000000000000E+00  1.2579185433000000E+00  0.0000000000000000E+00  0.0000000000000000E+00  9.7135400910000003E-01 -4.0058863336999997E-02  2.9348171512999999E-02 -3.7891500650999999E-01  1.4052954683999999E+01  0.0000000000000000E+00  0.0000000000000000E+00  0.0000000000000000E+00  0.0000000000000000E+00  0.0000000000000000E+00
  8.0807614897000002E-01  2.1435886948999999E-01  0.0000000000000000E+00  1.1909326454000000E+00  0.0000000000000000E+00  0.0000000000000000E+00  9.5665900610999999E-01 -5.5705031539999998E-02 -7.3714035504000002E-03 -5.5732502263000000E-02  1.4488801148000000E+01  0.0000000000000000E+00  0.0000000000000000E+00  0.0000000000000000E+00  0.0000000000000000E+00  0.0000000000000000E+00
  7.9027748358000005E-01  1.5842991406000001E-01  0.0000000000000000E+00  1.2030134330000000E+00  0.0000000000000000E+00  0.0000000000000000E+00  9.6146015442999999E-01 -4.3160265056999998E-02 -2.3398021153999998E-02  1.0113915434000000E-01  1.4342940295000000E+01  0.0000000000000000E+00  0.0000000000000000E+00  0.0000000000000000E+00  0.0000000000000000E+00  0.0000000000000000E+00
  7.6655341083999995E-01  1.1437543817000000E-01  0.0000000000000000E+00  1.2460311340000001E+00  0.0000000000000000E+00  0.0000000000000000E+00  9.6997107814000005E-01 -2.4008918369000001E-02 -3.4382727141999997E-02  3.6338017400000000E-01  1.4091375586000000E+01  0.0000000000000000E+00  0.0000000000000000E+00  0.0000000000000000E+00  0.0000000000000000E+00  0.0000000000000000E+00
  7.2701826144000004E-01  5.3798919985999998E-02  0.0000000000000000E+00  1.3600993933000001E+00  0.0000000000000000E+00  0.0000000000000000E+00  9.9226614582999995E-01  1.5379415846000000E-02 -5.2878310148999998E-02  3.8870825532999997E-01  1.3468917594000001E+01  0.0000000000000000E+00  0.0000000000000000E+00  0.0000000000000000E+00  0.0000000000000000E+00  0.0000000000000000E+00
  6.6740590239999997E-01 -2.6001262173999999E-02  0.0000000000000000E+00  1.5135611193000000E+00  0.0000000000000000E+00  0.0000000000000000E+00  1.0040821234999999E+00 -8.3468630810999995E-03 -6.5282720899999994E-02  2.0935436359000001E-01  1.3152538211000000E+01  0.0000000000000000E+00  0.0000000000000000E+00  0.0000000000000000E+00  0.0000000000000000E+00  0.0000000000000000E+00
  6.4472307143999996E-01 -1.4862122895999999E-01  0.0000000000000000E+00  1.6654922511000001E+00  0.0000000000000000E+00  0.0000000000000000E+00  1.0248546371000000E+00  1.9791666063000000E-02 -6.1825722726000003E-02  6.1205268487999998E-01  1.2622132189000000E+01  0.0000000000000000E+00  0.0000000000000000E+00  0.0000000000000000E+00  0.0000000000000000E+00  0.0000000000000000E+00
  6.5706552519000005E-01 -3.3728620270999998E-01  0.0000000000000000E+00  1.8527056663999999E+00  0.0000000000000000E+00  0.0000000000000000E+00  1.0498369151000000E+00  4.9195392185999998E-02 -9.4416197920000000E-02  3.4271245476000001E-01  1.2026089356000000E+01  0.0000000000000000E+00  0.0000000000000000E+00  0.0000000000000000E+00  0.0000000000000000E+00  0.0000000000000000E+00
  7.0335568162999995E-01 -5.4359935634000001E-01  0.0000000000000000E+00  2.0439024510000001E+00  0.0000000000000000E+00  0.0000000000000000E+00  1.0679684872999999E+00  5.2193684717999997E-02 -9.7270429276999998E-02  5.0746665851999995E-01  1.1620958177000000E+01  0.0000000000000000E+00  0.0000000000000000E+00  0.0000000000000000E+00  0.0000000000000000E+00  0.0000000000000000E+00
  8.0733639905999999E-01 -7.9327644276999998E-01  0.0000000000000000E+00  2.2659513505000000E+00  0.0000000000000000E+00  0.0000000000000000E+00  1.0947077529000000E+00  8.7763735526999995E-02 -8.6125384547000000E-02  4.4786108721000001E-01  1.1062858625000001E+01  0.0000000000000000E+00  0.0000000000000000E+00  0.0000000000000000E+00  0.0000000000000000E+00  0.0000000000000000E+00
  9.6084029347000000E-01 -1.0678826524000000E+00  0.0000000000000000E+00  2.4742245176000002E+00  0.0000000000000000E+00  0.0000000000000000E+00  1.1113445935999999E+00  8.1944117351999995E-02 -1.0237852393000001E-01  3.3329650184999998E-01  1.0731513242000000E+01  0.0000000000000000E+00  0.0000000000000000E+00  0.0000000000000000E+00  0.0000000000000000E+00  0.0000000000000000E+00
  1.1829364422999999E+00 -1.3571835792000000E+00  0.0000000000000000E+00  2.6414788002999998E+00  0.0000000000000000E+00  0.0000000000000000E+00  1.1317913485000000E+00  8.6910825546999998E-02 -9.6866813903000004E-02  4.3515109998000001E-01  1.0353576131000001E+01  0.0000000000000000E+00  0.0000000000000000E+00  0.0000000000000000E+00  0.0000000000000000E+00  0.0000000000000000E+00
  1.4506783060999999E+00 -1.6114366705000001E+00  0.0000000000000000E+00  2.7025106431000001E+00  0.0000000000000000E+00  0.0000000000000000E+00  1.1498516083999999E+00  1.0137126523999999E-01 -9.2171475692000002E-02  3.1951113236000001E-01  1.0030277409000000E+01  0.0000000000000000E+00  0.0000000000000000E+00  0.0000000000000000E+00  0.0000000000000000E+00  0.0000000000000000E+00
  1.7221258067000000E+00 -1.7655970929000000E+00  0.0000000000000000E+00  2.5976573949000001E+00  0.0000000000000000E+00  0.0000000000000000E+00  1.1639922836000001E+00  1.2418201665000000E-01 -7.8331015552999997E-02  2.3099540763000001E-01  9.7887439199999999E+00  0.0000000000000000E+00  0.0000000000000000E+00  0.0000000000000000E+00  0.0000000000000000E+00  0.0000000000000000E+00
  1.9673684971000001E+00 -1.7844779562999999E+00  0.0000000000000000E+00  2.3147146585999998E+00  0.0000000000000000E+00  0.0000000000000000E+00  1.1696048590999999E+00  1.5497224731000001E-01 -5.8205521737999998E-02  3.1553854328000001E-02  9.6877404672999994E+00  0.0000000000000000E+00  0.0000000000000000E+00  0.0000000000000000E+00  0.0000000000000000E+00  0.0000000000000000E+00
  2.1876157906000002E+00 -1.6918383562999999E+00  0.0000000000000000E+00  1.9350258196000001E+00  0.0000000000000000E+00  0.0000000000000000E+00  1.1700795357000000E+00  1.7422661160000000E-01 -5.3433938538999998E-02 -1.7819673567999999E-02  9.6800990891000005E+00  0.0000000000000000E+00  0.0000000000000000E+00  0.0000000000000000E+00  0.0000000000000000E+00  0.0000000000000000E+00
  2.3519969239999998E+00 -1.4925096941000000E+00  0.0000000000000000E+00  1.5253775907000000E+00  0.0000000000000000E+00  0.0000000000000000E+00  1.1654092310999999E+00  1.7343350552000000E-01 -4.5233463208000001E-02 -1.8666952183999999E-01  9.7599933489000001E+00  0.0000000000000000E+00  0.0000000000000000E+00  0.0000000000000000E+00  0.0000000000000000E+00  0.0000000000000000E+00
  2.4513362078999998E+00 -1.2081577408999999E+00  0.0000000000000000E+00  1.1403199013000000E+00  0.0000000000000000E+00  0.0000000000000000E+00  1.1549680040000001E+00  1.7796265917000001E-01 -3.4930096932999997E-02 -2.4002804898999999E-01  9.9449375959000008E+00  0.0000000000000000E+00  0.0000000000000000E+00  0.0000000000000000E+00  0.0000000000000000E+00  0.0000000000000000E+00
  2.4720675817000002E+00 -8.6629619699000004E-01  0.0000000000000000E+00  8.3017836095999997E-01  0.0000000000000000E+00  0.0000000000000000E+00  1.1402008741000000E+00  1.7150982529000000E-01 -1.2709546529999999E-02 -3.7751600322000001E-01  1.0203059426999999E+01  0.0000000000000000E+00  0.0000000000000000E+00  0.0000000000000000E+00  0.0000000000000000E+00  0.0000000000000000E+00
  2.3783413751000002E+00 -4.8882239173000003E-01  0.0000000000000000E+00  6.2715440283000001E-01  0.0000000000000000E+00  0.0000000000000000E+00  1.1185119125000000E+00  1.5602211329999999E-01 -9.3987183719000007E-03 -4.8948881828000002E-01  1.0596864430000000E+01  0.0000000000000000E+00  0.0000000000000000E+00  0.0000000000000000E+00  0.0000000000000000E+00  0.0000000000000000E+00
  2.1927480136000002E+00 -1.0353708071999999E-01  0.0000000000000000E+00  5.4635495474999995E-01  0.0000000000000000E+00  0.0000000000000000E+00  1.0889074639000000E+00  1.2982082477000001E-01  1.3161371434000001E-02 -7.1327478604000005E-01  1.1178736646000001E+01  0.0000000000000000E+00  0.0000000000000000E+00  0.0000000000000000E+00  0.0000000000000000E+00  0.0000000000000000E+00
  1.9855145368000000E+00  2.3500229615000001E-01  0.0000000000000000E+00  5.9337548608000001E-01  0.0000000000000000E+00  0.0000000000000000E+00  1.0589963335999999E+00  8.4061812604999994E-02  7.0460399958000006E-02 -3.9412013864000001E-01  1.1826842124000001E+01  0.0000000000000000E+00  0.0000000000000000E+00  0.0000000000000000E+00  0.0000000000000000E+00  0.0000000000000000E+00
  1.8056816650000000E+00  4.7841481071000003E-01  0.0000000000000000E+00  7.3189635375999995E-01  0.0000000000000000E+00  0.0000000000000000E+00  1.0446271076000000E+00  7.4931744763000005E-02  6.5511199884999996E-02 -3.9705873978000000E-01  1.2148426342000000E+01  0.0000000000000000E+00  0.0000000000000000E+00  0.0000000000000000E+00  0.0000000000000000E+00  0.0000000000000000E+00
  1.5572624600000000E+00  6.3927151803000004E-01  0.0000000000000000E+00  9.2109742744000001E-01  0.0000000000000000E+00  0.0000000000000000E+00  1.0121127162000001E+00  3.9447400573000002E-03  8.2597121144999994E-02 -7.6709151211000004E-01  1.2945286642999999E+01  0.0000000000000000E+00  0.0000000000000000E+00  0.0000000000000000E+00  0.0000000000000000E+00  0.0000000000000000E+00
  1.3713107909000000E+00  7.3839262172999998E-01  0.0000000000000000E+00  1.1108853097000000E+00  0.0000000000000000E+00  0.0000000000000000E+00  9.8837657491999997E-01 -4.9771014921999999E-02  1.0210008129000001E-01 -1.9745684857000001E-01  1.3573253815999999E+01  0.0000000000000000E+00  0.0000000000000000E+00  0.0000000000000000E+00  0.0000000000000000E+00  0.0000000000000000E+00
  1.2394930950000000E+00  7.6330700123999995E-01  0.0000000000000000E+00  1.2384348409999999E+00  0.0000000000000000E+00  0.0000000000000000E+00  9.7525920232999996E-01 -5.5350463316999998E-02  6.4501573095000000E-02 -4.4878979738000002E-01  1.3937902002000000E+01  0.0000000000000000E+00  0.0000000000000000E+00  0.0000000000000000E+00  0.0000000000000000E+00  0.0000000000000000E+00
  1.1240591959999999E+00  7.4994460941999996E-01  0.0000000000000000E+00  1.3181896627000000E+00  0.0000000000000000E+00  0.0000000000000000E+00  9.5818768514999997E-01 -9.1588890724999997E-02  3.1523992381000003E-02 -3.5751602739999999E-02  1.4445462944000001E+01  0.0000000000000000E+00  0.0000000000000000E+00  0.0000000000000000E+00  0.0000000000000000E+00  0.0000000000000000E+00
  1.1069590782000001E+00  7.8615542356000001E-01  0.0000000000000000E+00  1.4028536402000000E+00  0.0000000000000000E+00  0.0000000000000000E+00  9.6625410262000000E-01 -6.4544310940999994E-02  5.4507335864999997E-03  1.2609489132000001E-01  1.4199282246999999E+01  0.0000000000000000E+00  0.0000000000000000E+00  0.0000000000000000E+00  0.0000000000000000E+00  0.0000000000000000E+00
  1.1065865891000000E+00  8.3866707710999999E-01  0.0000000000000000E+00  1.4808593914999999E+00  0.0000000000000000E+00  0.0000000000000000E+00  9.6648429591999996E-01 -7.5325855030000000E-02 -2.2900080743000002E-02  6.9729677874000001E-02  1.4194478632999999E+01  0.0000000000000000E+00  0.0000000000000000E+00  0.0000000000000000E+00  0.0000000000000000E+00  0.0000000000000000E+00
  1.1476010354999999E+00  9.5710713370000000E-01  0.0000000000000000E+00  1.6406018269000000E+00  0.0000000000000000E+00  0.0000000000000000E+00  9.8257440694999998E-01 -5.4223283905000003E-02 -3.2545970875000003E-02  4.2813940365999997E-01  1.3737476179000000E+01  0.0000000000000000E+00  0.0000000000000000E+00  0.0000000000000000E+00  0.0000000000000000E+00  0.0000000000000000E+00
  1.1859147991000001E+00  1.0963303494000001E+00  0.0000000000000000E+00  1.8429923018000001E+00  0.0000000000000000E+00  0.0000000000000000E+00  9.9116565436000004E-01 -6.3281487410999995E-02 -4.1752429562000003E-02 -1.0091362535999999E-02  1.3494596140000001E+01  0.0000000000000000E+00  0.0000000000000000E+00  0.0000000000000000E+00  0.0000000000000000E+00  0.0000000000000000E+00
  1.2258561336000000E+00  1.2424581848000000E+00  0.0000000000000000E+00  2.0822978423000000E+00  0.0000000000000000E+00  0.0000000000000000E+00  1.0037885330000000E+00 -5.5873274111000001E-02 -5.9222711022000003E-02  5.8797158409000005E-01  1.3155729954000000E+01  0.0000000000000000E+00  0.0000000000000000E+00  0.0000000000000000E+00  0.0000000000000000E+00  0.0000000000000000E+00
  1.2783845883000000E+00  1.4075805700999999E+00  0.0000000000000000E+00  2.3740035629000000E+00  0.0000000000000000E+00  0.0000000000000000E+00  1.0257474728000000E+00 -1.5530503268000000E-02 -8.2486980294999998E-02  1.1882482996000000E-01  1.2597058600000000E+01  0.0000000000000000E+00  0.0000000000000000E+00  0.0000000000000000E+00  0.0000000000000000E+00  0.0000000000000000E+00
  1.2887382090999999E+00  1.5348706992000001E+00  0.0000000000000000E+00  2.6544462664999999E+00  0.0000000000000000E+00  0.0000000000000000E+00  1.0312645734000001E+00 -3.3624964304999998E-02 -9.9314040694999994E-02  3.7868954715000003E-01  1.2462540858000001E+01  0.0000000000000000E+00  0.0000000000000000E+00  0.0000000000000000E+00  0.0000000000000000E+00  0.0000000000000000E+00
  1.3308163600000000E+00  1.7074414829000000E+00  0.0000000000000000E+00  3.0328572726999998E+00  0.0000000000000000E+00  0.0000000000000000E+00  1.0579207398999999E+00  3.4894236560000002E-03 -1.0079107672000000E-01  4.2342059664999998E-01  1.1850866405000000E+01  0.0000000000000000E+00  0.0000000000000000E+00  0.0000000000000000E+00  0.0000000000000000E+00  0.0000000000000000E+00
  1.2994706599000001E+00  1.7725437152000001E+00  0.0000000000000000E+00  3.2984946246000000E+00  0.0000000000000000E+00  0.0000000000000000E+00  1.0690768599000000E+00  1.8134859743000002E-02 -1.2121020457999999E-01  2.1742317512000001E-01  1.1608509250999999E+01  0.0000000000000000E+00  0.0000000000000000E+00  0.0000000000000000E+00  0.0000000000000000E+00  0.0000000000000000E+00
  1.2200354474999999E+00  1.7699567756000001E+00  0.0000000000000000E+00  3.5356455404000000E+00  0.0000000000000000E+00  0.0000000000000000E+00  1.0860037739999999E+00  4.8086271506999997E-02 -1.1881874177000000E-01  3.1342788404999999E-01  1.1252570433000001E+01  0.0000000000000000E+00  0.0000000000000000E+00  0.0000000000000000E+00  0.0000000000000000E+00  0.0000000000000000E+00
  1.0673940794000001E+00  1.6352457250000001E+00  0.0000000000000000E+00  3.6179047218000000E+00  0.0000000000000000E+00  0.0000000000000000E+00  1.0890729815000000E+00  8.0196429271000000E-02 -1.3626551697000000E-01 -8.2062123213999999E-02  1.1178146378999999E+01  0.0000000000000000E+00  0.0000000000000000E+00  0.0000000000000000E+00  0.0000000000000000E+00  0.0000000000000000E+00
  8.7617209984000000E-01  1.4168096650999999E+00  0.0000000000000000E+00  3.6501633358999999E+00  0.0000000000000000E+00  0.0000000000000000E+00  1.0904399348000000E+00  7.6526148877999994E-02 -1.2927406525999999E-01  1.3518103891000000E-01  1.1149444208000000E+01  0.0000000000000000E+00  0.0000000000000000E+00  0.0000000000000000E+00  0.0000000000000000E+00  0.0000000000000000E+00
  6.8784617652000002E-01  1.1448298860999999E+00  0.0000000000000000E+00  3.6401742736000000E+00  0.0000000000000000E+00  0.0000000000000000E+00  1.0915832014000000E+00  6.7685770734999998E-02 -1.1707413677000000E-01 -1.3396036082000001E-01  1.1121015767999999E+01  0.0000000000000000E+00  0.0000000000000000E+00  0.0000000000000000E+00  0.0000000000000000E+00  0.0000000000000000E+00
  5.2323104538999998E-01  8.1512737170000005E-01  0.0000000000000000E+00  3.5121426115999999E+00  0.0000000000000000E+00  0.0000000000000000E+00  1.0824202436999999E+00  5.2588692144999998E-02 -1.0992045536000000E-01 -1.9288284307000000E-01  1.1320276673000000E+01  0.0000000000000000E+00  0.0000000000000000E+00  0.0000000000000000E+00  0.0000000000000000E+00  0.0000000000000000E+00
  4.1027784588999999E-01  4.5909895868000000E-01  0.0000000000000000E+00  3.3181328822000000E+00  0.0000000000000000E+00  0.0000000000000000E+00  1.0719579014000000E+00  2.3715731875999999E-02 -9.1136542809000007E-02 -2.7947290593000002E-01  1.1540667214000001E+01  0.0000000000000000E+00  0.0000000000000000E+00  0.0000000000000000E+00  0.0000000000000000E+00  0.0000000000000000E+00
  3.7108868745000001E-01  1.0870830880000000E-01  0.0000000000000000E+00  3.0287790417000000E+00  0.0000000000000000E+00  0.0000000000000000E+00  1.0538908910000000E+00 -7.4303225573999999E-03 -7.4759063695000003E-02 -4.1673155294999997E-01  1.1941340365000000E+01  0.0000000000000000E+00  0.0000000000000000E+00  0.0000000000000000E+00  0.0000000000000000E+00  0.0000000000000000E+00
  4.2136781966999998E-01 -2.2548751463000000E-01  0.0000000000000000E+00  2.6824856341999999E+00  0.0000000000000000E+00  0.0000000000000000E+00  1.0382977153999999E+00 -2.5834700512999999E-02 -6.5719204187000002E-02 -1.3781130160999999E-01  1.2296592566999999E+01  0.0000000000000000E+00  0.0000000000000000E+00  0.0000000000000000E+00  0.0000000000000000E+00  0.0000000000000000E+00
  5.7692835169000001E-01 -5.2828303406999999E-01  0.0000000000000000E+00  2.3517180168000000E+00  0.0000000000000000E+00  0.0000000000000000E+00  1.0374429119999999E+00  6.6772054167000003E-03 -6.6329850162000006E-02 -3.2214928604000000E-02  1.2320140218000001E+01  0.0000000000000000E+00  0.0000000000000000E+00  0.0000000000000000E+00  0.0000000000000000E+00  0.0000000000000000E+00
  8.1993207933000001E-01 -7.4895567196000001E-01  0.0000000000000000E+00  1.9796273111000000E+00  0.0000000000000000E+00  0.0000000000000000E+00  1.0299701038000000E+00 -5.5580255656000003E-03 -5.7385035309999999E-02 -1.5894103301000001E-01  1.2499195998999999E+01  0.0000000000000000E+00  0.0000000000000000E+00  0.0000000000000000E+00  0.0000000000000000E+00  0.0000000000000000E+00
  1.1642134213999999E+00 -9.0863545800000001E-01  0.0000000000000000E+00  1.6257310528000000E+00  0.0000000000000000E+00  0.0000000000000000E+00  1.0323174777999999E+00  2.6363519161000000E-02 -3.0872621943999999E-02  1.8959052451000000E-01  1.2438933988000000E+01  0.0000000000000000E+00  0.0000000000000000E+00  0.0000000000000000E+00  0.0000000000000000E+00  0.0000000000000000E+00
  1.5670610093999999E+00 -1.0030380687000000E+00  0.0000000000000000E+00  1.3237424501999999E+00  0.0000000000000000E+00  0.0000000000000000E+00  1.0328916376999999E+00  4.2217228990000001E-02 -1.6778832351000000E-02 -2.2600417917000001E-01  1.2430493866999999E+01  0.0000000000000000E+00  0.0000000000000000E+00  0.0000000000000000E+00  0.0000000000000000E+00  0.0000000000000000E+00
  1.9483593169000000E+00 -1.0002113815000000E+00  0.0000000000000000E+00  1.0473782078000000E+00  0.0000000000000000E+00  0.0000000000000000E+00  1.0192433174000000E+00  2.0850684041999999E-02  7.9807287958999999E-03 -2.3286571105000001E-01  1.2764430042000001E+01  0.0000000000000000E+00  0.0000000000000000E+00  0.0000000000000000E+00  0.0000000000000000E+00  0.0000000000000000E+00
  2.3262380190999998E+00 -9.4974212199999997E-01  0.0000000000000000E+00  8.2859125044000004E-01  0.0000000000000000E+00  0.0000000000000000E+00  1.0119854662000001E+00  1.7435683284000001E-02  4.9941513574000000E-02 -6.8260984129000002E-02  1.2944694081000000E+01  0.0000000000000000E+00  0.0000000000000000E+00  0.0000000000000000E+00  0.0000000000000000E+00  0.0000000000000000E+00
  2.6718579104000000E+00 -8.8233727012999996E-01  0.0000000000000000E+00  6.7313292205999997E-01  0.0000000000000000E+00  0.0000000000000000E+00  1.0092576435000000E+00  3.1697108071000002E-03  6.0696063665000001E-02 -1.0136282093000000E-01  1.3018553047999999E+01  0.0000000000000000E+00  0.0000000000000000E+00  0.0000000000000000E+00  0.0000000000000000E+00  0.0000000000000000E+00
  2.9440641075000000E+00 -7.9440718811000000E-01  0.0000000000000000E+00  5.5728060786000000E-01  0.0000000000000000E+00  0.0000000000000000E+00  1.0041126182000000E+00 -2.3031858844999999E-02  8.6861022718000003E-02 -4.3938777763000000E-03  1.3148836155000000E+01  0.0000000000000000E+00  0.0000000000000000E+00  0.0000000000000000E+00  0.0000000000000000E+00  0.0000000000000000E+00
  3.2043032982000001E+00 -7.1724297121000002E-01  0.0000000000000000E+00  4.7849563137000001E-01  0.0000000000000000E+00  0.0000000000000000E+00  1.0086645340000000E+00 -3.2043269877999998E-02  8.1422741973999999E-02  3.6855735415000000E-02  1.3030219733999999E+01  0.0000000000000000E+00  0.0000000000000000E+00  0.0000000000000000E+00  0.0000000000000000E+00  0.0000000000000000E+00
  3.3551810611000001E+00 -6.1544092674999995E-01  0.0000000000000000E+00  4.1174426628999999E-01  0.0000000000000000E+00  0.0000000000000000E+00  1.0006874096000000E+00 -6.3397887976999995E-02  7.4962915064000005E-02 -2.0579530430000001E-01  1.3240584406000000E+01  0.0000000000000000E+00  0.0000000000000000E+00  0.0000000000000000E+00  0.0000000000000000E+00  0.0000000000000000E+00
  3.5898258307000002E+00 -5.2256667778999999E-01  0.0000000000000000E+00  3.5825922130999999E-01  0.0000000000000000E+00  0.0000000000000000E+00  1.0058192027999999E+00 -6.7969959770999996E-02  6.7943608451999996E-02  3.2252846757999998E-01  1.3108265905000000E+01  0.0000000000000000E+00  0.0000000000000000E+00  0.0000000000000000E+00  0.0000000000000000E+00  0.0000000000000000E+00
  3.7913631910999999E+00 -4.1875754211999999E-01  0.0000000000000000E+00  3.1444201447999998E-01  0.0000000000000000E+00  0.0000000000000000E+00  1.0077066600000000E+00 -7.7431989175999999E-02  4.4055398224000002E-02 -2.9514438429000001E-01  1.3058369304999999E+01  0.0000000000000000E+00  0.0000000000000000E+00  0.0000000000000000E+00  0.0000000000000000E+00  0.0000000000000000E+00
  3.8827434775000000E+00 -2.8891236514000002E-01  0.0000000000000000E+00  2.8048507719999999E-01  0.0000000000000000E+00  0.0000000000000000E+00  1.0021298382999999E+00 -9.9209203423000006E-02  2.4678846954000001E-02  2.8548030498999999E-01  1.3201449889999999E+01  0.0000000000000000E+00  0.0000000000000000E+00  0.0000000000000000E+00  0.0000000000000000E+00  0.0000000000000000E+00
  4.0690271662999997E+00 -1.5030819336000001E-01  0.0000000000000000E+00  2.6020860541000002E-01  0.0000000000000000E+00  0.0000000000000000E+00  1.0172190428000001E+00 -8.0463333563000006E-02  1.8166604911999999E-02  2.6217956965999999E-02  1.2811138571000001E+01  0.0000000000000000E+00  0.0000000000000000E+00  0.0000000000000000E+00  0.0000000000000000E+00  0.0000000000000000E+00
  4.0486971571000003E+00  0.0000000000000000E+00  0.0000000000000000E+00  2.5259304891000001E-01  0.0000000000000000E+00  0.0000000000000000E+00  1.0105559226000000E+00 -9.8338069355999994E-02  0.0000000000000000E+00  0.0000000000000000E+00  1.2976559197000000E+01  0.0000000000000000E+00  0.0000000000000000E+00  0.0000000000000000E+00  0.0000000000000000E+00  0.0000000000000000E+00
  4.0690271662999997E+00  1.5030819336000001E-01  0.0000000000000000E+00  2.6020860541000002E-01  0.0000000000000000E+00  0.0000000000000000E+00  1.0172190428000001E+00 -8.0463333563000006E-02 -1.8166604911999999E-02 -2.6217956965999999E-02  1.2811138571000001E+01  0.0000000000000000E+00  0.0000000000000000E+00  0.0000000000000000E+00  0.0000000000000000E+00  0.0000000000000000E+00
  3.8827434775000000E+00  2.8891236514000002E-01  0.0000000000000000E+00  2.8048507719999999E-01  0.0000000000000000E+00  0.0000000000000000E+00  1.0021298382999999E+00 -9.9209203423000006E-02 -2.4678846954000001E-02 -2.8548030498999999E-01  1.3201449889999999E+01  0.0000000000000000E+00  0.0000000000000000E+00  0.0000000000000000E+00  0.0000000000000000E+00  0.0000000000000000E+00
  3.7913631910999999E+00  4.1875754211999999E-01  0.0000000000000000E+00  3.1444201447999998E-01  0.0000000000000000E+00  0.0000000000000000E+00  1.0077066600000000E+00 -7.7431989175999999E-02 -4.4055398224000002E-02  2.9514438429000001E-01  1.3058369304999999E+01  0.0000000000000000E+00  0.0000000000000000E+00  0.0000000000000000E+00  0.0000000000000000E+00  0.0000000000000000E+00
  3.5898258307000002E+00  5.2256667778999999E-01  0.0000000000000000E+00  3.5825922130999999E-01  0.0000000000000000E+00  0.0000000000000000E+00  1.0058192027999999E+00 -6.7969959770999996E-02 -6.7943608451999996E-02 -3.2252846757999998E-01  1.3108265905000000E+01  0.0000000000000000E+00  0.0000000000000000E+00  0.0000000000000000E+00  0.0000000000000000E+00  0.0000000000000000E+00
  3.3551810611000001E+00  6.1544092674999995E-01  0.0000000000000000E+00  4.1174426628999999E-01  0.0000000000000000E+00  0.0000000000000000E+00  1.0006874096000000E+00 -6.3397887976999995E-02 -7.4962915064000005E-02  2.0579530430000001E-01  1.3240584406000000E+01  0.0000000000000000E+00  0.0000000000000000E+00  0.0000000000000000E+00  0.0000000000000000E+00  0.0000000000000000E+00
  3.2043032982000001E+00  7.1724297121000002E-01  0.0000000000000000E+00  4.7849563137000001E-01  0.0000000000000000E+00  0.0000000000000000E+00  1.0086645340000000E+00 -3.2043269877999998E-02 -8.1422741973999999E-02 -3.6855735415000000E-02  1.3030219733999999E+01  0.0000000000000000E+00  0.0000000000000000E+00  0.0000000000000000E+00  0.0000000000000000E+00  0.0000000000000000E+00
  2.9440641075000000E+00  7.9440718811000000E-01  0.0000000000000000E+00  5.5728060786000000E-01  0.0000000000000000E+00  0.0000000000000000E+00  1.0041126182000000E+00 -2.3031858844999999E-02 -8.6861022718000003E-02  4.3938777763000000E-03  1.3148836155000000E+01  0.0000000000000000E+00  0.0000000000000000E+00  0.0000000000000000E+00  0.0000000000000000E+00  0.0000000000000000E+00
  2.6718579104000000E+00  8.8233727012999996E-01  0.0000000000000000E+00  6.7313292205999997E-01  0.0000000000000000E+00  0.0000000000000000E+00  1.0092576435000000E+00  3.1697108071000002E-03 -6.0696063665000001E-02  1.0136282093000000E-01  1.3018553047999999E+01  0.0000000000000000E+00  0.0000000000000000E+00  0.0000000000000000E+00  0.0000000000000000E+00  0.0000000000000000E+00
  2.3262380190999998E+00  9.4974212199999997E-01  0.0000000000000000E+00  8.2859125044000004E-01  0.0000000000000000E+00  0.0000000000000000E+00  1.0119854662000001E+00  1.7435683284000001E-02 -4.9941513574000000E-02  6.8260984129000002E-02  1.2944694081000000E+01  0.0000000000000000E+00  0.0000000000000000E+00  0.0000000000000000E+00  0.0000000000000000E+00  0.0000000000000000E+00
  1.9483593169000000E+00  1.0002113815000000E+00  0.0000000000000000E+00  1.0473782078000000E+00  0.0000000000000000E+00  0.0000000000000000E+00  1.0192433174000000E+00  2.0850684041999999E-02 -7.9807287958999999E-03  2.3286571105000001E-01  1.2764430042000001E+01  0.0000000000000000E+00  0.0000000000000000E+00  0.0000000000000000E+00  0.0000000000000000E+00  0.0000000000000000E+00
  1.5670610093999999E+00  1.0030380687000000E+00  0.0000000000000000E+00  1.3237424501999999E+00  0.0000000000000000E+00  0.0000000000000000E+00  1.0328916376999999E+00  4.2217228990000001E-02  1.6778832351000000E-02  2.2600417917000001E-01  1.2430493866999999E+01  0.0000000000000000E+00  0.0000000000000000E+00  0.0000000000000000E+00  0.0000000000000000E+00  0.0000000000000000E+00
  1.1642134213999999E+00  9.0863545800000001E-01  0.0000000000000000E+00  1.6257310528000000E+00  0.0000000000000000E+00  0.0000000000000000E+00  1.0323174777999999E+00  2.6363519161000000E-02  3.0872621943999999E-02 -1.8959052451000000E-01  1.2438933988000000E+01  0.0000000000000000E+00  0.0000000000000000E+00  0.0000000000000000E+00  0.0000000000000000E+00  0.0000000000000000E+00
  8.1993207933000001E-01  7.4895567196000001E-01  0.0000000000000000E+00  1.9796273111000000E+00  0.0000000000000000E+00  0.0000000000000000E+00  1.0299701038000000E+00 -5.5580255656000003E-03  5.7385035309999999E-02  1.5894103301000001E-01  1.2499195998999999E+01  0.0000000000000000E+00  0.0000000000000000E+00  0.0000000000000000E+00  0.0000000000000000E+00  0.0000000000000000E+00
  5.7692835169000001E-01  5.2828303406999999E-01  0.0000000000000000E+00  2.3517180168000000E+00  0.0000000000000000E+00  0.0000000000000000E+00  1.0374429119999999E+00  6.6772054167000003E-03  6.6329850162000006E-02  3.2214928604000000E-02  1.2320140218000001E+01  0.0000000000000000E+00  0.0000000000000000E+00  0.0000000000000000E+00  0.0000000000000000E+00  0.0000000000000000E+00
  4.2136781966999998E-01  2.2548751463000000E-01  0.0000000000000000E+00  2.6824856341999999E+00  0.0000000000000000E+00  0.0000000000000000E+00  1.0382977153999999E+00 -2.5834700512999999E-02  6.5719204187000002E-02  1.3781130160999999E-01  1.2296592566999999E+01  0.0000000000000000E+00  0.0000000000000000E+00  0.0000000000000000E+00  0.0000000000000000E+00  0.0000000000000000E+00
  3.7108868745000001E-01 -1.0870830880000000E-01  0.0000000000000000E+00  3.0287790417000000E+00  0.0000000000000000E+00  0.0000000000000000E+00  1.0538908910000000E+00 -7.4303225573999999E-03  7.4759063695000003E-02  4.1673155294999997E-01  1.1941340365000000E+01  0.0000000000000000E+00  0.0000000000000000E+00  0.0000000000000000E+00  0.0000000000000000E+00  0.0000000000000000E+00
  4.1027784588999999E-01 -4.5909895868000000E-01  0.0000000000000000E+00  3.3181328822000000E+00  0.0000000000000000E+00  0.0000000000000000E+00  1.0719579014000000E+00  2.3715731875999999E-02  9.1136542809000007E-02  2.7947290593000002E-01  1.1540667214000001E+01  0.0000000000000000E+00  0.0000000000000000E+00  0.0000000000000000E+00  0.0000000000000000E+00  0.0000000000000000E+00
  5.2323104538999998E-01 -8.1512737170000005E-01  0.0000000000000000E+00  3.5121426115999999E+00  0.0000000000000000E+00  0.0000000000000000E+00  1.0824202436999999E+00  5.2588692144999998E-02  1.0992045536000000E-01  1.9288284307000000E-01  1.1320276673000000E+01  0.0000000000000000E+00  0.0000000000000000E+00  0.0000000000000000E+00  0.0000000000000000E+00  0.0000000000000000E+00
  6.8784617652000002E-01 -1.1448298860999999E+00  0.0000000000000000E+00  3.6401742736000000E+00  0.0000000000000000E+00  0.0000000000000000E+00  1.0915832014000000E+00  6.7685770734999998E-02  1.1707413677000000E-01  1.3396036082000001E-01  1.1121015767999999E+01  0.0000000000000000E+00  0.0000000000000000E+00  0.0000000000000000E+00  0.0000000000000000E+00  0.0000000000000000E+00
  8.7617209984000000E-01 -1.4168096650999999E+00  0.0000000000000000E+00  3.6501633358999999E+00  0.0000000000000000E+00  0.0000000000000000E+00  1.0904399348000000E+00  7.6526148877999994E-02  1.2927406525999999E-01 -1.3518103891000000E-01  1.1149444208000000E+01  0.0000000000000000E+00  0.0000000000000000E+00  0.0000000000000000E+00  0.0000000000000000E+00  0.0000000000000000E+00
  1.0673940794000001E+00 -1.6352457250000001E+00  0.0000000000000000E+00  3.6179047218000000E+00  0.0000000000000000E+00  0.0000000000000000E+00  1.0890729815000000E+00  8.0196429271000000E-02  1.3626551697000000E-01  8.2062123213999999E-02  1.1178146378999999E+01  0.0000000000000000E+00  0.0000000000000000E+00  0.0000000000000000E+00  0.0000000000000000E+00  0.0000000000000000E+00
  1.2200354474999999E+00 -1.7699567756000001E+00  0.0000000000000000E+00  3.5356455404000000E+00  0.0000000000000000E+00  0.0000000000000000E+00  1.0860037739999999E+00  4.8086271506999997E-02  1.1881874177000000E-01 -3.1342788404999999E-01  1.1252570433000001E+01  0.0000000000000000E+00  0.0000000000000000E+00  0.0000000000000000E+00  0.0000000000000000E+00  0.0000000000000000E+00
  1.2994706599000001E+00 -1.7725437152000001E+00  0.0000000000000000E+00  3.2984946246000000E+00  0.0000000000000000E+00  0.0000000000000000E+00  1.0690768599000000E+00  1.8134859743000002E-02  1.2121020457999999E-01 -2.1742317512000001E-01  1.1608509250999999E+01  0.0000000000000000E+00  0.0000000000000000E+00  0.0000000000000000E+00  0.0000000000000000E+00  0.0000000000000000E+00
  1.3308163600000000E+00 -1.7074414829000000E+00  0.0000000000000000E+00  3.0328572726999998E+00  0.0000000000000000E+00  0.0000000000000000E+00  1.0579207398999999E+00  3.4894236560000002E-03  1.0079107672000000E-01 -4.2342059664999998E-01  1.1850866405000000E+01  0.0000000000000000E+00  0.0000000000000000E+00  0.0000000000000000E+00  0.0000000000000000E+00  0.0000000000000000E+00
  1.2887382090999999E+00 -1.5348706992000001E+00  0.0000000000000000E+00  2.6544462664999999E+00  0.0000000000000000E+00  0.0000000000000000E+00  1.0312645734000001E+00 -3.3624964304999998E-02  9.9314040694999994E-02 -3.7868954715000003E-01  1.2462540858000001E+01  0.0000000000000000E+00  0.0000000000000000E+00  0.0000000000000000E+00  0.0000000000000000E+00  0.0000000000000000E+00
  1.2783845883000000E+00 -1.4075805700999999E+00  0.0000000000000000E+00  2.3740035629000000E+00  0.0000000000000000E+00  0.0000000000000000E+00  1.0257474728000000E+00 -1.5530503268000000E-02  8.2486980294999998E-02 -1.1882482996000000E-01  1.2597058600000000E+01  0.0000000000000000E+00  0.0000000000000000E+00  0.0000000000000000E+00  0.0000000000000000E+00  0.0000000000000000E+00
  1.2258561336000000E+00 -1.2424581848000000E+00  0.0000000000000000E+00  2.0822978423000000E+00  0.0000000000000000E+00  0.0000000000000000E+00  1.0037885330000000E+00 -5.5873274111000001E-02  5.9222711022000003E-02 -5.8797158409000005E-01  1.3155729954000000E+01  0.0000000000000000E+00  0.0000000000000000E+00  0.0000000000000000E+00  0.0000000000000000E+00  0.0000000000000000E+00
  1.1859147991000001E+00 -1.0963303494000001E+00  0.0000000000000000E+00  1.8429923018000001E+00  0.0000000000000000E+00  0.0000000000000000E+00  9.9116565436000004E-01 -6.3281487410999995E-02  4.1752429562000003E-02  1.0091362535999999E-02  1.3494596140000001E+01  0.0000000000000000E+00  0.0000000000000000E+00  0.0000000000000000E+00  0.0000000000000000E+00  0.0000000000000000E+00
  1.1476010354999999E+00 -9.5710713370000000E-01  0.0000000000000000E+00  1.6406018269000000E+00  0.0000000000000000E+00  0.0000000000000000E+00  9.8257440694999998E-01 -5.4223283905000003E-02  3.2545970875000003E-02 -4.2813940365999997E-01  1.3737476179000000E+01  0.0000000000000000E+00  0.0000000000000000E+00  0.0000000000000000E+00  0.0000000000000000E+00  0.0000000000000000E+00
  1.1065865891000000E+00 -8.3866707710999999E-01  0.0000000000000000E+00  1.4808593914999999E+00  0.0000000000000000E+00  0.0000000000000000E+00  9.6648429591999996E-01 -7.5325855030000000E-02  2.2900080743000002E-02 -6.9729677874000001E-02  1.4194478632999999E+01  0.0000000000000000E+00  0.0000000000000000E+00  0.0000000000000000E+00  0.0000000000000000E+00  0.0000000000000000E+00
  1.1069590782000001E+00 -7.8615542356000001E-01  0.0000000000000000E+00  1.4028536402000000E+00  0.0000000000000000E+00  0.0000000000000000E+00  9.6625410262000000E-01 -6.4544310940999994E-02 -5.4507335864999997E-03 -1.2609489132000001E-01  1.4199282246999999E+01  0.0000000000000000E+00  0.0000000000000000E+00  0.0000000000000000E+00  0.0000000000000000E+00  0.0000000000000000E+00
  1.1240591959999999E+00 -7.4994460941999996E-01  0.0000000000000000E+00  1.3181896627000000E+00  0.0000000000000000E+00  0.0000000000000000E+00  9.5818768514999997E-01 -9.1588890724999997E-02 -3.1523992381000003E-02  3.5751602739999999E-02  1.4445462944000001E+01  0.0000000000000000E+00  0.0000000000000000E+00  0.0000000000000000E+00  0.0000000000000000E+00  0.0000000000000000E+00
  1.2394930950000000E+00 -7.6330700123999995E-01  0.0000000000000000E+00  1.2384348409999999E+00  0.0000000000000000E+00  0.0000000000000000E+00  9.7525920232999996E-01 -5.5350463316999998E-02 -6.4501573095000000E-02  4.4878979738000002E-01  1.3937902002000000E+01  0.0000000000000000E+00  0.0000000000000000E+00  0.0000000000000000E+00  0.0000000000000000E+00  0.0000000000000000E+00
  1.3713107909000000E+00 -7.3839262172999998E-01  0.0000000000000000E+00  1.1108853097000000E+00  0.0000000000000000E+00  0.0000000000000000E+00  9.8837657491999997E-01 -4.9771014921999999E-02 -1.0210008129000001E-01  1.9745684857000001E-01  1.3573253815999999E+01  0.0000000000000000E+00  0.0000000000000000E+00  0.0000000000000000E+00  0.0000000000000000E+00  0.0000000000000000E+00
  1.5572624600000000E+00 -6.3927151803000004E-01  0.0000000000000000E+00  9.2109742744000001E-01  0.0000000000000000E+00  0.0000000000000000E+00  1.0121127162000001E+00  3.9447400573000002E-03 -8.2597121144999994E-02  7.6709151211000004E-01  1.2945286642999999E+01  0.0000000000000000E+00  0.0000000000000000E+00  0.0000000000000000E+00  0.0000000000000000E+00  0.0000000000000000E+00
  1.8056816650000000E+00 -4.7841481071000003E-01  0.0000000000000000E+00  7.3189635375999995E-01  0.0000000000000000E+00  0.0000000000000000E+00  1.0446271076000000E+00  7.4931744763000005E-02 -6.5511199884999996E-02  3.9705873978000000E-01  1.2148426342000000E+01  0.0000000000000000E+00  0.0000000000000000E+00  0.0000000000000000E+00  0.0000000000000000E+00  0.0000000000000000E+00
  1.9855145368000000E+00 -2.3500229615000001E-01  0.0000000000000000E+00  5.9337548608000001E-01  0.0000000000000000E+00  0.0000000000000000E+00  1.0589963335999999E+00  8.4061812604999994E-02 -7.0460399958000006E-02  3.9412013864000001E-01  1.1826842124000001E+01  0.0000000000000000E+00  0.0000000000000000E+00  0.0000000000000000E+00  0.0000000000000000E+00  0.0000000000000000E+00
  2.1927480136000002E+00  1.0353708071999999E-01  0.0000000000000000E+00  5.4635495474999995E-01  0.0000000000000000E+00  0.0000000000000000E+00  1.0889074639000000E+00  1.2982082477000001E-01 -1.3161371434000001E-02  7.1327478604000005E-01  1.1178736646000001E+01  0.0000000000000000E+00  0.0000000000000000E+00  0.0000000000000000E+00  0.0000000000000000E+00  0.0000000000000000E+00
  2.3783413751000002E+00  4.8882239173000003E-01  0.0000000000000000E+00  6.2715440283000001E-01  0.0000000000000000E+00  0.0000000000000000E+00  1.1185119125000000E+00  1.5602211329999999E-01  9.3987183719000007E-03  4.8948881828000002E-01  1.0596864430000000E+01  0.0000000000000000E+00  0.0000000000000000E+00  0.0000000000000000E+00  0.0000000000000000E+00  0.0000000000000000E+00
  2.4720675817000002E+00  8.6629619699000004E-01  0.0000000000000000E+00  8.3017836095999997E-01  0.0000000000000000E+00  0.0000000000000000E+00  1.1402008741000000E+00  1.7150982529000000E-01  1.2709546529999999E-02  3.7751600322000001E-01  1.0203059426999999E+01  0.0000000000000000E+00  0.0000000000000000E+00  0.0000000000000000E+00  0.0000000000000000E+00  0.0000000000000000E+00
  2.4513362078999998E+00  1.2081577408999999E+00  0.0000000000000000E+00  1.1403199013000000E+00  0.0000000000000000E+00  0.0000000000000000E+00  1.1549680040000001E+00  1.7796265917000001E-01  3.4930096932999997E-02  2.4002804898999999E-01  9.9449375959000008E+00  0.0000000000000000E+00  0.0000000000000000E+00  0.0000000000000000E+00  0.0000000000000000E+00  0.0000000000000000E+00
  2.3519969239999998E+00  1.4925096941000000E+00  0.0000000000000000E+00  1.5253775907000000E+00  0.0000000000000000E+00  0.0000000000000000E+00  1.1654092310999999E+00  1.7343350552000000E-01  4.5233463208000001E-02  1.8666952183999999E-01  9.7599933489000001E+00  0.0000000000000000E+00  0.0000000000000000E+00  0.0000000000000000E+00  0.0000000000000000E+00  0.0000000000000000E+00
  2.1876157906000002E+00  1.6918383562999999E+00  0.0000000000000000E+00  1.9350258196000001E+00  0.0000000000000000E+00  0.0000000000000000E+00  1.1700795357000000E+00  1.7422661160000000E-01  5.3433938538999998E-02  1.7819673567999999E-02  9.6800990891000005E+00  0.0000000000000000E+00  0.0000000000000000E+00  0.0000000000000000E+00  0.0000000000000000E+00  0.0000000000000000E+00
  1.9673684971000001E+00  1.7844779562999999E+00  0.0000000000000000E+00  2.3147146585999998E+00  0.0000000000000000E+00  0.0000000000000000E+00  1.1696048590999999E+00  1.5497224731000001E-01  5.8205521737999998E-02 -3.1553854328000001E-02  9.6877404672999994E+00  0.0000000000000000E+00  0.0000000000000000E+00  0.0000000000000000E+00  0.0000000000000000E+00  0.0000000000000000E+00
  1.7221258067000000E+00  1.7655970929000000E+00  0.0000000000000000E+00  2.5976573949000001E+00  0.0000000000000000E+00  0.0000000000000000E+00  1.1639922836000001E+00  1.2418201665000000E-01  7.8331015552999997E-02 -2.3099540763000001E-01  9.7887439199999999E+00  0.0000000000000000E+00  0.0000000000000000E+00  0.0000000000000000E+00  0.0000000000000000E+00  0.0000000000000000E+00
  1.4506783060999999E+00  1.6114366705000001E+00  0.0000000000000000E+00  2.7025106431000001E+00  0.0000000000000000E+00  0.0000000000000000E+00  1.1498516083999999E+00  1.0137126523999999E-01  9.2171475692000002E-02 -3.1951113236000001E-01  1.0030277409000000E+01  0.0000000000000000E+00  0.0000000000000000E+00  0.0000000000000000E+00  0.0000000000000000E+00  0.0000000000000000E+00
  1.1829364422999999E+00  1.3571835792000000E+00  0.0000000000000000E+00  2.6414788002999998E+00  0.0000000000000000E+00  0.0000000000000000E+00  1.1317913485000000E+00  8.6910825546999998E-02  9.6866813903000004E-02 -4.3515109998000001E-01  1.0353576131000001E+01  0.0000000000000000E+00  0.0000000000000000E+00  0.0000000000000000E+00  0.0000000000000000E+00  0.0000000000000000E+00
  9.6084029347000000E-01  1.0678826524000000E+00  0.0000000000000000E+00  2.4742245176000002E+00  0.0000000000000000E+00  0.0000000000000000E+00  1.1113445935999999E+00  8.1944117351999995E-02  1.0237852393000001E-01 -3.3329650184999998E-01  1.0731513242000000E+01  0.0000000000000000E+00  0.0000000000000000E+00  0.0000000000000000E+00  0.0000000000000000E+00  0.0000000000000000E+00
  8.0733639905999999E-01  7.9327644276999998E-01  0.0000000000000000E+00  2.2659513505000000E+00  0.0000000000000000E+00  0.0000000000000000E+00  1.0947077529000000E+00  8.7763735526999995E-02  8.6125384547000000E-02 -4.4786108721000001E-01  1.1062858625000001E+01  0.0000000000000000E+00  0.0000000000000000E+00  0.0000000000000000E+00  0.0000000000000000E+00  0.0000000000000000E+00
  7.0335568162999995E-01  5.4359935634000001E-01  0.0000000000000000E+00  2.0439024510000001E+00  0.0000000000000000E+00  0.0000000000000000E+00  1.0679684872999999E+00  5.2193684717999997E-02  9.7270429276999998E-02 -5.0746665851999995E-01  1.1620958177000000E+01  0.0000000000000000E+00  0.0000000000000000E+00  0.0000000000000000E+00  0.0000000000000000E+00  0.0000000000000000E+00
  6.5706552519000005E-01  3.3728620270999998E-01  0.0000000000000000E+00  1.8527056663999999E+00  0.0000000000000000E+00  0.0000000000000000E+00  1.0498369151000000E+00  4.9195392185999998E-02  9.4416197920000000E-02 -3.4271245476000001E-01  1.2026089356000000E+01  0.0000000000000000E+00  0.0000000000000000E+00  0.0000000000000000E+00  0.0000000000000000E+00  0.0000000000000000E+00
  6.4472307143999996E-01  1.4862122895999999E-01  0.0000000000000000E+00  1.6654922511000001E+00  0.0000000000000000E+00  0.0000000000000000E+00  1.0248546371000000E+00  1.9791666063000000E-02  6.1825722726000003E-02 -6.1205268487999998E-01  1.2622132189000000E+01  0.0000000000000000E+00  0.0000000000000000E+00  0.0000000000000000E+00  0.0000000000000000E+00  0.0000000000000000E+00
  6.6740590239999997E-01  2.6001262173999999E-02  0.0000000000000000E+00  1.5135611193000000E+00  0.0000000000000000E+00  0.0000000000000000E+00  1.0040821234999999E+00 -8.3468630810999995E-03  6.5282720899999994E-02 -2.0935436359000001E-01  1.3152538211000000E+01  0.0000000000000000E+00  0.0000000000000000E+00  0.0000000000000000E+00  0.0000000000000000E+00  0.0000000000000000E+00
  7.2701826144000004E-01 -5.3798919985999998E-02  0.0000000000000000E+00  1.3600993933000001E+00  0.0000000000000000E+00  0.0000000000000000E+00  9.9226614582999995E-01  1.5379415846000000E-02  5.2878310148999998E-02 -3.8870825532999997E-01  1.3468917594000001E+01  0.0000000000000000E+00  0.0000000000000000E+00  0.0000000000000000E+00  0.0000000000000000E+00  0.0000000000000000E+00
  7.6655341083999995E-01 -1.1437543817000000E-01  0.0000000000000000E+00  1.2460311340000001E+00  0.0000000000000000E+00  0.0000000000000000E+00  9.6997107814000005E-01 -2.4008918369000001E-02  3.4382727141999997E-02 -3.6338017400000000E-01  1.4091375586000000E+01  0.0000000000000000E+00  0.0000000000000000E+00  0.0000000000000000E+00  0.0000000000000000E+00  0.0000000000000000E+00
  7.9027748358000005E-01 -1.5842991406000001E-01  0.0000000000000000E+00  1.2030134330000000E+00  0.0000000000000000E+00  0.0000000000000000E+00  9.6146015442999999E-01 -4.3160265056999998E-02  2.3398021153999998E-02 -1.0113915434000000E-01  1.4342940295000000E+01  0.0000000000000000E+00  0.0000000000000000E+00  0.0000000000000000E+00  0.0000000000000000E+00  0.0000000000000000E+00
  8.0807614897000002E-01 -2.1435886948999999E-01  0.0000000000000000E+00  1.1909326454000000E+00  0.0000000000000000E+00  0.0000000000000000E+00  9.5665900610999999E-01 -5.5705031539999998E-02  7.3714035504000002E-03  5.5732502263000000E-02  1.4488801148000000E+01  0.0000000000000000E+00  0.0000000000000000E+00  0.0000000000000000E+00  0.0000000000000000E+00  0.0000000000000000E+00
  8.2909242211000000E-01 -3.1330000154999998E-01  0.0000000000000000E+00  1.2579185433000000E+00  0.0000000000000000E+00  0.0000000000000000E+00  9.7135400910000003E-01 -4.0058863336999997E-02 -2.9348171512999999E-02  3.7891500650999999E-01  1.4052954683999999E+01  0.0000000000000000E+00  0.0000000000000000E+00  0.0000000000000000E+00  0.0000000000000000E+00  0.0000000000000000E+00
  8.4626357399999996E-01 -4.2644880557999998E-01  0.0000000000000000E+00  1.3572049342000001E+00  0.0000000000000000E+00  0.0000000000000000E+00  9.8257352413999999E-01 -5.4758068999000001E-02 -5.1791436851000003E-02  1.4578159809999999E-01  1.3730575049000000E+01  0.0000000000000000E+00  0.0000000000000000E+00  0.0000000000000000E+00  0.0000000000000000E+00  0.0000000000000000E+00
  9.2036758567999999E-01 -5.9924443654000004E-01  0.0000000000000000E+00  1.4806555118000000E+00  0.0000000000000000E+00  0.0000000000000000E+00  1.0011546112000000E+00 -2.4122016924000001E-02 -3.5966709765000000E-02  6.7999860278000002E-01  1.3234557604000001E+01  0.0000000000000000E+00  0.0000000000000000E+00  0.0000000000000000E+00  0.0000000000000000E+00  0.0000000000000000E+00
  1.0837818648999999E+00 -8.9269638504000004E-01  0.0000000000000000E+00  1.7285676479000001E+00  0.0000000000000000E+00  0.0000000000000000E+00  1.0368753401999999E+00  2.0440838366000001E-03 -8.4291248432000004E-02  5.6413422268000002E-01  1.2331477390000000E+01  0.0000000000000000E+00  0.0000000000000000E+00  0.0000000000000000E+00  0.0000000000000000E+00  0.0000000000000000E+00
  1.2921121614000000E+00 -1.1868144278999999E+00  0.0000000000000000E+00  1.9506022700000001E+00  0.0000000000000000E+00  0.0000000000000000E+00  1.0537737962000000E+00 -3.1772321102999997E-02 -1.1074902021999999E-01  3.3498655810000000E-01  1.1938819071999999E+01  0.0000000000000000E+00  0.0000000000000000E+00  0.0000000000000000E+00  0.0000000000000000E+00  0.0000000000000000E+00
  1.6458166299999999E+00 -1.5361969733000000E+00  0.0000000000000000E+00  2.1463099538999999E+00  0.0000000000000000E+00  0.0000000000000000E+00  1.0821375074999999E+00  1.6292614693000002E-02 -9.8550279613999994E-02  7.1979564668999996E-01  1.1321538030999999E+01  0.0000000000000000E+00  0.0000000000000000E+00  0.0000000000000000E+00  0.0000000000000000E+00  0.0000000000000000E+00
