  0.001    -0.001    -0.000
  0.001    -0.001    -0.000
  0.001     0.003    -0.016
  0.001     0.005    -0.015
  0.001     0.007    -0.014
  0.001     0.008    -0.013
  0.001     0.009    -0.011
  0.001     0.010    -0.010
  0.001     0.010    -0.009
  0.001     0.010    -0.008
  0.001     0.010    -0.007
  0.001     0.010    -0.007
  0.001     0.010    -0.007
  0.001     0.012    -0.005
  0.001     0.012    -0.005
  0.001     0.000     0.000
  0.001     0.000     0.000
  0.001     0.011    -0.008
  0.001     0.012    -0.008
