  0.050     0.000     0.000
  0.050     0.000     0.000
  0.050     0.000     0.000
  0.050     0.000     0.000
  0.050     0.007     0.012
  0.050     0.009     0.012
  0.050     0.008     0.013
  0.050     0.010     0.016
  0.050     0.021     0.043
  0.050     0.035     0.044
  0.050     0.047     0.045
  0.050     0.058     0.046
  0.050     0.068     0.046
  0.050     0.077     0.047
  0.050     0.085     0.047
  0.050     0.092     0.047
  0.050     0.100     0.048
  0.050     0.107     0.048
  0.050     0.113     0.048
  0.050     0.119     0.048
  0.060     0.007     0.017
  0.060     0.000     0.000
  0.060     0.000     0.000
  0.060     0.008     0.013
  0.060     0.008     0.014
  0.060     0.010     0.015
  0.060     0.010     0.016
  0.060     0.010     0.018
  0.060     0.010     0.050
  0.060     0.027     0.053
  0.060     0.041     0.055
  0.060     0.052     0.056
  0.060     0.063     0.056
  0.060     0.072     0.057
  0.060     0.081     0.057
  0.060     0.089     0.057
  0.060     0.097     0.057
  0.060     0.104     0.058
  0.060     0.110     0.058
  0.060     0.116     0.058
  0.070     0.000     0.000
  0.070     0.000     0.000
  0.070     0.000     0.000
  0.070     0.000     0.000
  0.070     0.010     0.015
  0.070     0.011     0.017
  0.070     0.012     0.018
  0.070     0.012     0.020
  0.070     0.012     0.022
  0.070     0.015     0.059
  0.070     0.031     0.063
  0.070     0.045     0.065
  0.070     0.056     0.066
  0.070     0.067     0.066
  0.070     0.076     0.067
  0.070     0.085     0.067
  0.070     0.092     0.067
  0.070     0.100     0.067
  0.070     0.107     0.067
  0.070     0.113     0.067
  0.080     0.009     0.065
  0.080     0.009     0.065
  0.080     0.000     0.000
  0.080     0.000     0.000
  0.080     0.000     0.000
  0.080     0.000     0.000
  0.080     0.000     0.000
  0.080     0.014     0.022
  0.080     0.014     0.024
  0.080     0.014     0.025
  0.080     0.018     0.067
  0.080     0.034     0.073
  0.080     0.047     0.075
  0.080     0.059     0.076
  0.080     0.069     0.077
  0.080     0.079     0.077
  0.080     0.087     0.077
  0.080     0.095     0.077
  0.080     0.102     0.077
  0.080     0.109     0.077
  0.090     0.012     0.065
  0.090     0.012     0.066
  0.090     0.012     0.066
  0.090     0.012     0.066
  0.090     0.012     0.066
  0.090     0.012     0.066
  0.090     0.012     0.066
  0.090     0.000     0.000
  0.090     0.000     0.000
  0.090     0.000     0.000
  0.090     0.000     0.000
  0.090     0.018     0.075
  0.090     0.034     0.083
  0.090     0.049     0.086
  0.090     0.061     0.087
  0.090     0.071     0.087
  0.090     0.080     0.087
  0.090     0.089     0.087
  0.090     0.097     0.087
  0.090     0.104     0.087
  0.100     0.015     0.066
  0.100     0.015     0.066
  0.100     0.015     0.067
  0.100     0.015     0.067
  0.100     0.015     0.067
  0.100     0.015     0.067
  0.100     0.015     0.067
  0.100     0.000     0.000
  0.100     0.000     0.000
  0.100     0.000     0.000
  0.100     0.000     0.000
  0.100     0.000     0.000
  0.100     0.017     0.083
  0.100     0.032     0.092
  0.100     0.048     0.097
  0.100     0.061     0.098
  0.100     0.072     0.098
  0.100     0.081     0.098
  0.100     0.090     0.098
  0.100     0.098     0.097
  0.120     0.020     0.068
  0.120     0.020     0.068
  0.120     0.020     0.068
  0.120     0.020     0.068
  0.120     0.020     0.069
  0.120     0.020     0.069
  0.120     0.020     0.069
  0.120     0.020     0.069
  0.120     0.000     0.000
  0.120     0.000     0.000
  0.120     0.026     0.183
  0.120     0.029     0.178
  0.120     0.031     0.172
  0.120     0.033     0.166
  0.120     0.036     0.157
  0.120     0.038     0.148
  0.120     0.044     0.134
  0.120     0.059     0.125
  0.120     0.072     0.122
  0.120     0.082     0.121
  0.140     0.025     0.069
  0.140     0.025     0.070
  0.140     0.025     0.070
  0.140     0.025     0.070
  0.140     0.025     0.071
  0.140     0.025     0.071
  0.140     0.025     0.071
  0.140     0.025     0.072
  0.140     0.025     0.072
  0.140     0.025     0.072
  0.140     0.000     0.000
  0.140     0.031     0.203
  0.140     0.034     0.197
  0.140     0.037     0.193
  0.140     0.041     0.187
  0.140     0.044     0.181
  0.140     0.049     0.175
  0.140     0.053     0.169
  0.140     0.059     0.162
  0.140     0.066     0.155
  0.160     0.029     0.072
  0.160     0.029     0.072
  0.160     0.029     0.072
  0.160     0.029     0.073
  0.160     0.029     0.073
  0.160     0.029     0.073
  0.160     0.030     0.074
  0.160     0.030     0.074
  0.160     0.030     0.074
  0.160     0.030     0.075
  0.160     0.030     0.075
  0.160     0.030     0.076
  0.160     0.000     0.000
  0.160     0.036     0.219
  0.160     0.040     0.214
  0.160     0.044     0.209
  0.160     0.047     0.204
  0.160     0.051     0.198
  0.160     0.057     0.194
  0.160     0.061     0.189
  0.180     0.034     0.074
  0.180     0.034     0.075
  0.180     0.034     0.075
  0.180     0.034     0.076
  0.180     0.034     0.076
  0.180     0.034     0.076
  0.180     0.034     0.077
  0.180     0.034     0.077
  0.180     0.034     0.078
  0.180     0.034     0.078
  0.180     0.034     0.079
  0.180     0.034     0.079
  0.180     0.034     0.080
  0.180     0.034     0.081
  0.180     0.000     0.000
  0.180     0.040     0.236
  0.180     0.044     0.232
  0.180     0.047     0.227
  0.180     0.053     0.222
  0.180     0.057     0.219
  0.200     0.037     0.078
  0.200     0.038     0.078
  0.200     0.038     0.079
  0.200     0.038     0.079
  0.200     0.038     0.080
  0.200     0.038     0.080
  0.200     0.038     0.080
  0.200     0.038     0.081
  0.200     0.038     0.081
  0.200     0.038     0.082
  0.200     0.038     0.083
  0.200     0.038     0.083
  0.200     0.037     0.084
  0.200     0.037     0.084
  0.200     0.037     0.085
  0.200     0.037     0.086
  0.200     0.000     0.000
  0.200     0.043     0.254
  0.200     0.047     0.250
  0.200     0.051     0.247
