  0.001     0.010    -0.025
  0.001     0.015    -0.017
  0.001     0.016    -0.011
  0.001     0.000     0.000
  0.001     0.017    -0.016
  0.001     0.019    -0.013
  0.001     0.020    -0.012
  0.001     0.021    -0.011
  0.001     0.022    -0.009
  0.001     0.023    -0.008
  0.001     0.024    -0.007
  0.001     0.025    -0.005
  0.001     0.026    -0.004
  0.001     0.027    -0.003
  0.001     0.028    -0.002
  0.010     0.000     0.000
  0.010     0.011    -0.030
  0.010     0.038    -0.014
  0.010     0.064     0.002
  0.010     0.087     0.015
  0.010     0.108     0.026
  0.010     0.128     0.034
  0.010     0.147     0.041
  0.010     0.165     0.046
  0.010     0.181     0.051
  0.010     0.197     0.055
  0.010     0.211     0.058
  0.010     0.225     0.061
  0.010     0.238     0.064
  0.010     0.251     0.066
  0.020     0.000     0.000
  0.020     0.000     0.000
  0.020     0.026     0.014
  0.020     0.063     0.024
  0.020     0.093     0.032
  0.020     0.118     0.038
  0.020     0.140     0.042
  0.020     0.160     0.045
  0.020     0.178     0.047
  0.020     0.195     0.049
  0.020     0.211     0.051
  0.020     0.225     0.052
  0.020     0.239     0.054
  0.020     0.253     0.055
  0.020     0.265     0.056
  0.030     0.000     0.000
  0.030     0.000     0.000
  0.030     0.015     0.029
  0.030     0.055     0.044
  0.030     0.089     0.050
  0.030     0.116     0.054
  0.030     0.140     0.056
  0.030     0.160     0.058
  0.030     0.179     0.059
  0.030     0.196     0.061
  0.030     0.212     0.062
  0.030     0.226     0.063
  0.030     0.240     0.064
  0.030     0.254     0.064
  0.030     0.267     0.065
  0.040     0.000     0.000
  0.040     0.000     0.000
  0.040     0.000     0.000
  0.040     0.042     0.060
  0.040     0.081     0.068
  0.040     0.111     0.071
  0.040     0.135     0.073
  0.040     0.157     0.074
  0.040     0.176     0.075
  0.040     0.193     0.075
  0.040     0.209     0.076
  0.040     0.224     0.077
  0.040     0.238     0.077
  0.040     0.252     0.078
  0.040     0.265     0.079
  0.050     0.014     0.065
  0.050     0.000     0.000
  0.050     0.000     0.000
  0.050     0.021     0.065
  0.050     0.066     0.086
  0.050     0.102     0.089
  0.050     0.128     0.090
  0.050     0.151     0.091
  0.050     0.171     0.091
  0.050     0.189     0.091
  0.050     0.205     0.092
  0.050     0.221     0.092
  0.050     0.235     0.093
  0.050     0.249     0.093
  0.050     0.262     0.094
  0.060     0.019     0.066
  0.060     0.000     0.000
  0.060     0.000     0.000
  0.060     0.000     0.000
  0.060     0.035     0.096
  0.060     0.088     0.110
  0.060     0.119     0.109
  0.060     0.143     0.109
  0.060     0.164     0.108
  0.060     0.183     0.108
  0.060     0.200     0.108
  0.060     0.216     0.109
  0.060     0.230     0.109
  0.060     0.244     0.109
  0.060     0.258     0.110
  0.070     0.024     0.066
  0.070     0.024     0.066
  0.070     0.025     0.067
  0.070     0.000     0.000
  0.070     0.043     0.168
  0.070     0.071     0.138
  0.070     0.107     0.130
  0.070     0.133     0.128
  0.070     0.156     0.127
  0.070     0.175     0.126
  0.070     0.193     0.126
  0.070     0.209     0.126
  0.070     0.224     0.126
  0.070     0.239     0.126
  0.070     0.253     0.127
  0.080     0.029     0.067
  0.080     0.029     0.067
  0.080     0.029     0.068
  0.080     0.000     0.000
  0.080     0.043     0.195
  0.080     0.064     0.172
  0.080     0.094     0.155
  0.080     0.122     0.149
  0.080     0.146     0.146
  0.080     0.166     0.145
  0.080     0.185     0.144
  0.080     0.202     0.143
  0.080     0.217     0.143
  0.080     0.232     0.143
  0.080     0.246     0.144
  0.090     0.033     0.069
  0.090     0.033     0.069
  0.090     0.034     0.069
  0.090     0.034     0.069
  0.090     0.000     0.000
  0.090     0.058     0.201
  0.090     0.083     0.183
  0.090     0.110     0.172
  0.090     0.135     0.167
  0.090     0.156     0.164
  0.090     0.176     0.162
  0.090     0.193     0.162
  0.090     0.209     0.161
  0.090     0.225     0.161
  0.090     0.239     0.161
  0.100     0.037     0.070
  0.100     0.037     0.070
  0.100     0.038     0.071
  0.100     0.038     0.071
  0.100     0.038     0.072
  0.100     0.050     0.230
  0.100     0.073     0.210
  0.100     0.099     0.197
  0.100     0.123     0.189
  0.100     0.145     0.185
  0.100     0.165     0.182
  0.100     0.184     0.180
  0.100     0.200     0.179
  0.100     0.216     0.179
  0.100     0.231     0.179
  0.120     0.044     0.074
  0.120     0.045     0.074
  0.120     0.045     0.074
  0.120     0.045     0.075
  0.120     0.046     0.075
  0.120     0.046     0.075
  0.120     0.000     0.000
  0.120     0.075     0.251
  0.120     0.098     0.238
  0.120     0.121     0.229
  0.120     0.142     0.224
  0.120     0.162     0.221
  0.120     0.180     0.218
  0.120     0.197     0.217
  0.120     0.213     0.216
  0.140     0.050     0.078
  0.140     0.050     0.079
  0.140     0.051     0.079
  0.140     0.051     0.079
  0.140     0.052     0.080
  0.140     0.052     0.080
  0.140     0.053     0.082
  0.140     0.000     0.000
  0.140     0.073     0.293
  0.140     0.094     0.280
  0.140     0.115     0.270
  0.140     0.136     0.264
  0.140     0.156     0.260
  0.140     0.174     0.257
  0.140     0.191     0.256
  0.160     0.055     0.083
  0.160     0.056     0.083
  0.160     0.056     0.084
  0.160     0.056     0.084
  0.160     0.057     0.085
  0.160     0.057     0.086
  0.160     0.058     0.087
  0.160     0.058     0.089
  0.160     0.058     0.091
  0.160     0.000     0.000
  0.160     0.086     0.322
  0.160     0.108     0.312
  0.160     0.128     0.305
  0.160     0.148     0.301
  0.160     0.167     0.297
  0.180     0.060     0.089
  0.180     0.060     0.089
  0.180     0.061     0.089
  0.180     0.061     0.090
  0.180     0.061     0.091
  0.180     0.061     0.092
  0.180     0.061     0.094
  0.180     0.061     0.095
  0.180     0.061     0.097
  0.180     0.061     0.100
  0.180     0.059     0.102
  0.180     0.071     0.370
  0.180     0.095     0.356
  0.180     0.118     0.348
  0.180     0.139     0.342
  0.200     0.064     0.095
  0.200     0.064     0.096
  0.200     0.064     0.096
  0.200     0.065     0.097
  0.200     0.064     0.097
  0.200     0.064     0.098
  0.200     0.064     0.100
  0.200     0.063     0.101
  0.200     0.063     0.103
  0.200     0.062     0.105
  0.200     0.061     0.108
  0.200     0.059     0.110
  0.200     0.000     0.000
  0.200     0.081     0.412
  0.200     0.104     0.396
  0.220     0.000     0.000
  0.220     0.000     0.000
  0.220     0.000     0.000
  0.220     0.000     0.000
  0.220     0.000     0.000
  0.220     0.000     0.000
  0.220     0.000     0.000
  0.220     0.000     0.000
  0.220     0.000     0.000
  0.220     0.000     0.000
  0.220     0.000     0.000
  0.220     0.000     0.000
  0.220     0.000     0.000
  0.220     0.075     0.487
  0.220     0.085     0.471
  0.240     0.000     0.000
  0.240     0.000     0.000
  0.240     0.000     0.000
  0.240     0.000     0.000
  0.240     0.000     0.000
  0.240     0.000     0.000
  0.240     0.000     0.000
  0.240     0.000     0.000
  0.240     0.000     0.000
  0.240     0.000     0.000
  0.240     0.000     0.000
  0.240     0.000     0.000
  0.240     0.000     0.000
  0.240     0.000     0.000
  0.240     0.084     0.530
