  0.003    -0.001     0.000
  0.003     0.000     0.000
  0.003     0.000     0.000
  0.003     0.003    -0.031
  0.003     0.009    -0.029
  0.003     0.014    -0.027
  0.003     0.019    -0.025
  0.003     0.023    -0.022
  0.003     0.026    -0.019
  0.003     0.029    -0.016
  0.003     0.032    -0.013
  0.003     0.035    -0.010
  0.003     0.037    -0.007
  0.003     0.039    -0.004
  0.003     0.041    -0.001
  0.003     0.043     0.002
  0.003     0.045     0.005
  0.003     0.047     0.008
  0.003     0.049     0.011
  0.003     0.051     0.014
  0.004    -0.001     0.001
  0.004     0.000     0.000
  0.004     0.000     0.000
  0.004     0.004    -0.034
  0.004     0.008    -0.031
  0.004     0.014    -0.029
  0.004     0.020    -0.026
  0.004     0.026    -0.023
  0.004     0.030    -0.019
  0.004     0.034    -0.016
  0.004     0.038    -0.013
  0.004     0.042    -0.009
  0.004     0.046    -0.006
  0.004     0.049    -0.002
  0.004     0.052     0.001
  0.004     0.056     0.005
  0.004     0.059     0.008
  0.004     0.062     0.012
  0.004     0.066     0.015
  0.004     0.069     0.019
  0.005    -0.001     0.001
  0.005     0.000     0.002
  0.005     0.000     0.000
  0.005     0.003    -0.035
  0.005     0.007    -0.032
  0.005     0.014    -0.029
  0.005     0.021    -0.026
  0.005     0.027    -0.022
  0.005     0.033    -0.019
  0.005     0.038    -0.015
  0.005     0.043    -0.011
  0.005     0.047    -0.007
  0.005     0.052    -0.004
  0.005     0.057    -0.000
  0.005     0.061     0.003
  0.005     0.065     0.007
  0.005     0.070     0.010
  0.005     0.074     0.014
  0.005     0.079     0.017
  0.005     0.083     0.020
  0.010     0.000     0.000
  0.010     0.001     0.004
  0.010     0.001     0.004
  0.010     0.002     0.004
  0.010     0.000     0.000
  0.010     0.006    -0.025
  0.010     0.015    -0.019
  0.010     0.025    -0.014
  0.010     0.035    -0.009
  0.010     0.044    -0.006
  0.010     0.052    -0.002
  0.010     0.060     0.001
  0.010     0.067     0.003
  0.010     0.074     0.006
  0.010     0.081     0.008
  0.010     0.087     0.010
  0.010     0.093     0.012
  0.010     0.099     0.014
  0.010     0.105     0.016
  0.010     0.111     0.017
  0.020     0.000     0.000
  0.020     0.000     0.000
  0.020     0.000     0.000
  0.020     0.000     0.000
  0.020     0.000     0.000
  0.020     0.006     0.006
  0.020     0.009     0.008
  0.020     0.022     0.008
  0.020     0.034     0.009
  0.020     0.045     0.011
  0.020     0.055     0.012
  0.020     0.064     0.014
  0.020     0.073     0.015
  0.020     0.081     0.016
  0.020     0.088     0.018
  0.020     0.096     0.019
  0.020     0.102     0.019
  0.020     0.109     0.020
  0.020     0.115     0.021
  0.020     0.120     0.022
  0.030     0.000     0.000
  0.030     0.000     0.000
  0.030     0.000     0.000
  0.030     0.000     0.000
  0.030     0.000     0.000
  0.030     0.000     0.000
  0.030     0.008     0.014
  0.030     0.019     0.022
  0.030     0.032     0.023
  0.030     0.044     0.024
  0.030     0.054     0.025
  0.030     0.064     0.025
  0.030     0.073     0.026
  0.030     0.081     0.027
  0.030     0.089     0.027
  0.030     0.096     0.028
  0.030     0.103     0.029
  0.030     0.110     0.029
  0.030     0.116     0.029
  0.030     0.122     0.030
  0.040     0.006     0.017
  0.040     0.000     0.000
  0.040     0.000     0.000
  0.040     0.000     0.000
  0.040     0.007     0.009
  0.040     0.007     0.010
  0.040     0.007     0.012
  0.040     0.013     0.032
  0.040     0.028     0.034
  0.040     0.040     0.035
  0.040     0.052     0.035
  0.040     0.062     0.036
  0.040     0.071     0.036
  0.040     0.080     0.037
  0.040     0.088     0.037
  0.040     0.095     0.038
  0.040     0.102     0.038
  0.040     0.109     0.038
  0.040     0.115     0.039
  0.040     0.121     0.039
  0.050     0.000     0.000
  0.050     0.000     0.000
  0.050     0.000     0.000
  0.050     0.000     0.000
  0.050     0.007     0.012
  0.050     0.009     0.012
  0.050     0.008     0.013
  0.050     0.010     0.016
  0.050     0.021     0.043
  0.050     0.035     0.044
  0.050     0.047     0.045
  0.050     0.058     0.046
  0.050     0.068     0.046
