0001  | 2.000000e-03 | 5.000000e-02 |     NaN     NaN
0002  | 4.000000e-03 | 5.000000e-02 |     NaN     NaN
0003  | 6.000000e-03 | 5.000000e-02 |  0.0090  0.0120
0004  | 8.000000e-03 | 5.000000e-02 |  0.0100  0.0160
0005  | 1.000000e-02 | 5.000000e-02 |  0.0350  0.0440
0006  | 1.200000e-02 | 5.000000e-02 |  0.0580  0.0460
0007  | 1.400000e-02 | 5.000000e-02 |  0.0770  0.0470
0008  | 1.600000e-02 | 5.000000e-02 |  0.0920  0.0470
0009  | 1.800000e-02 | 5.000000e-02 |  0.1070  0.0480
0010  | 2.000000e-02 | 5.000000e-02 |  0.1190  0.0480
0011  | 2.200000e-02 | 5.000000e-02 |  0.1310  0.0490
0012  | 2.400000e-02 | 5.000000e-02 |  0.1410  0.0490
0013  | 2.600000e-02 | 5.000000e-02 |  0.1510  0.0490
0014  | 2.800000e-02 | 5.000000e-02 |  0.1600  0.0500
0015  | 3.000000e-02 | 5.000000e-02 |  0.1690  0.0500
0016  | 2.000000e-03 | 1.000000e-01 |  0.0150  0.0660
0017  | 4.000000e-03 | 1.000000e-01 |  0.0150  0.0670
0018  | 6.000000e-03 | 1.000000e-01 |  0.0150  0.0670
0019  | 8.000000e-03 | 1.000000e-01 |     NaN     NaN
0020  | 1.000000e-02 | 1.000000e-01 |     NaN     NaN
0021  | 1.200000e-02 | 1.000000e-01 |     NaN     NaN
0022  | 1.400000e-02 | 1.000000e-01 |  0.0320  0.0920
0023  | 1.600000e-02 | 1.000000e-01 |  0.0610  0.0980
0024  | 1.800000e-02 | 1.000000e-01 |  0.0810  0.0980
0025  | 2.000000e-02 | 1.000000e-01 |  0.0980  0.0970
0026  | 2.200000e-02 | 1.000000e-01 |  0.1120  0.0970
0027  | 2.400000e-02 | 1.000000e-01 |  0.1240  0.0970
0028  | 2.600000e-02 | 1.000000e-01 |  0.1350  0.0970
0029  | 2.800000e-02 | 1.000000e-01 |  0.1450  0.0970
0030  | 3.000000e-02 | 1.000000e-01 |  0.1550  0.0970
0031  | 2.000000e-03 | 1.500000e-01 |  0.0270  0.0710
0032  | 4.000000e-03 | 1.500000e-01 |  0.0270  0.0710
0033  | 6.000000e-03 | 1.500000e-01 |  0.0270  0.0720
0034  | 8.000000e-03 | 1.500000e-01 |  0.0270  0.0730
0035  | 1.000000e-02 | 1.500000e-01 |  0.0270  0.0730
0036  | 1.200000e-02 | 1.500000e-01 |     NaN     NaN
0037  | 1.400000e-02 | 1.500000e-01 |  0.0370  0.2050
0038  | 1.600000e-02 | 1.500000e-01 |  0.0440  0.1950
0039  | 1.800000e-02 | 1.500000e-01 |  0.0530  0.1850
0040  | 2.000000e-02 | 1.500000e-01 |  0.0630  0.1730
0041  | 2.200000e-02 | 1.500000e-01 |  0.0760  0.1630
0042  | 2.400000e-02 | 1.500000e-01 |  0.0910  0.1570
0043  | 2.600000e-02 | 1.500000e-01 |  0.1050  0.1530
0044  | 2.800000e-02 | 1.500000e-01 |  0.1180  0.1510
0045  | 3.000000e-02 | 1.500000e-01 |  0.1290  0.1490
0046  | 2.000000e-03 | 2.000000e-01 |  0.0380  0.0780
0047  | 4.000000e-03 | 2.000000e-01 |  0.0380  0.0790
0048  | 6.000000e-03 | 2.000000e-01 |  0.0380  0.0800
0049  | 8.000000e-03 | 2.000000e-01 |  0.0380  0.0810
0050  | 1.000000e-02 | 2.000000e-01 |  0.0380  0.0820
0051  | 1.200000e-02 | 2.000000e-01 |  0.0380  0.0830
0052  | 1.400000e-02 | 2.000000e-01 |  0.0370  0.0840
0053  | 1.600000e-02 | 2.000000e-01 |  0.0370  0.0860
0054  | 1.800000e-02 | 2.000000e-01 |  0.0430  0.2540
0055  | 2.000000e-02 | 2.000000e-01 |  0.0510  0.2470
0056  | 2.200000e-02 | 2.000000e-01 |  0.0590  0.2380
0057  | 2.400000e-02 | 2.000000e-01 |  0.0700  0.2310
0058  | 2.600000e-02 | 2.000000e-01 |  0.0790  0.2240
0059  | 2.800000e-02 | 2.000000e-01 |  0.0900  0.2180
0060  | 3.000000e-02 | 2.000000e-01 |  0.1000  0.2130
0061  | 2.000000e-03 | 2.500000e-01 |  0.0450  0.0890
0062  | 4.000000e-03 | 2.500000e-01 |  0.0450  0.0900
0063  | 6.000000e-03 | 2.500000e-01 |  0.0450  0.0910
0064  | 8.000000e-03 | 2.500000e-01 |  0.0450  0.0920
0065  | 1.000000e-02 | 2.500000e-01 |  0.0450  0.0930
0066  | 1.200000e-02 | 2.500000e-01 |  0.0450  0.0950
0067  | 1.400000e-02 | 2.500000e-01 |  0.0440  0.0960
0068  | 1.600000e-02 | 2.500000e-01 |  0.0440  0.0980
0069  | 1.800000e-02 | 2.500000e-01 |  0.0430  0.0990
0070  | 2.000000e-02 | 2.500000e-01 |  0.0430  0.1010
0071  | 2.200000e-02 | 2.500000e-01 |  0.0480  0.3050
0072  | 2.400000e-02 | 2.500000e-01 |  0.0550  0.2990
0073  | 2.600000e-02 | 2.500000e-01 |  0.0630  0.2920
0074  | 2.800000e-02 | 2.500000e-01 |  0.0700  0.2870
0075  | 3.000000e-02 | 2.500000e-01 |  0.0790  0.2810
0076  | 2.000000e-03 | 3.000000e-01 |  0.0480  0.1030
0077  | 4.000000e-03 | 3.000000e-01 |  0.0490  0.1040
0078  | 6.000000e-03 | 3.000000e-01 |  0.0490  0.1050
0079  | 8.000000e-03 | 3.000000e-01 |  0.0490  0.1060
0080  | 1.000000e-02 | 3.000000e-01 |  0.0490  0.1070
0081  | 1.200000e-02 | 3.000000e-01 |  0.0480  0.1080
0082  | 1.400000e-02 | 3.000000e-01 |  0.0480  0.1100
0083  | 1.600000e-02 | 3.000000e-01 |  0.0470  0.1110
0084  | 1.800000e-02 | 3.000000e-01 |  0.0460  0.1130
0085  | 2.000000e-02 | 3.000000e-01 |  0.0450  0.1140
0086  | 2.200000e-02 | 3.000000e-01 |  0.0440  0.1160
0087  | 2.400000e-02 | 3.000000e-01 |  0.0420  0.1170
0088  | 2.600000e-02 | 3.000000e-01 |  0.0460  0.3510
0089  | 2.800000e-02 | 3.000000e-01 |  0.0540  0.3460
0090  | 3.000000e-02 | 3.000000e-01 |  0.0630  0.3420
0091  | 2.000000e-03 | 3.500000e-01 |  0.0520  0.1610
0092  | 4.000000e-03 | 3.500000e-01 |     NaN     NaN
0093  | 6.000000e-03 | 3.500000e-01 |     NaN     NaN
0094  | 8.000000e-03 | 3.500000e-01 |     NaN     NaN
0095  | 1.000000e-02 | 3.500000e-01 |  0.0490  0.1220
0096  | 1.200000e-02 | 3.500000e-01 |  0.0480  0.1230
0097  | 1.400000e-02 | 3.500000e-01 |  0.0480  0.1240
0098  | 1.600000e-02 | 3.500000e-01 |  0.0470  0.1260
0099  | 1.800000e-02 | 3.500000e-01 |  0.0460  0.1270
0100  | 2.000000e-02 | 3.500000e-01 |  0.0450  0.1280
0101  | 2.200000e-02 | 3.500000e-01 |  0.0440  0.1300
0102  | 2.400000e-02 | 3.500000e-01 |  0.0420  0.1310
0103  | 2.600000e-02 | 3.500000e-01 |  0.0410  0.1320
0104  | 2.800000e-02 | 3.500000e-01 |  0.0380  0.1340
0105  | 3.000000e-02 | 3.500000e-01 |     NaN     NaN
0106  | 2.000000e-03 | 4.000000e-01 |  0.0580  0.1760
0107  | 4.000000e-03 | 4.000000e-01 |  0.0560  0.1780
0108  | 6.000000e-03 | 4.000000e-01 |  0.0550  0.1790
0109  | 8.000000e-03 | 4.000000e-01 |  0.0540  0.1810
0110  | 1.000000e-02 | 4.000000e-01 |  0.0530  0.1820
0111  | 1.200000e-02 | 4.000000e-01 |  0.0520  0.1840
0112  | 1.400000e-02 | 4.000000e-01 |  0.0510  0.1850
0113  | 1.600000e-02 | 4.000000e-01 |  0.0500  0.1860
0114  | 1.800000e-02 | 4.000000e-01 |  0.0480  0.1880
0115  | 2.000000e-02 | 4.000000e-01 |  0.0460  0.1890
0116  | 2.200000e-02 | 4.000000e-01 |  0.0450  0.1900
0117  | 2.400000e-02 | 4.000000e-01 |     NaN     NaN
0118  | 2.600000e-02 | 4.000000e-01 |     NaN     NaN
0119  | 2.800000e-02 | 4.000000e-01 |     NaN     NaN
0120  | 3.000000e-02 | 4.000000e-01 |     NaN     NaN
0121  | 2.000000e-03 | 4.500000e-01 |  0.0610  0.1930
0122  | 4.000000e-03 | 4.500000e-01 |  0.0590  0.1950
0123  | 6.000000e-03 | 4.500000e-01 |  0.0580  0.1960
0124  | 8.000000e-03 | 4.500000e-01 |  0.0570  0.1980
0125  | 1.000000e-02 | 4.500000e-01 |  0.0560  0.1990
0126  | 1.200000e-02 | 4.500000e-01 |  0.0550  0.2010
0127  | 1.400000e-02 | 4.500000e-01 |  0.0540  0.2030
0128  | 1.600000e-02 | 4.500000e-01 |  0.0520  0.2040
0129  | 1.800000e-02 | 4.500000e-01 |  0.0510  0.2060
0130  | 2.000000e-02 | 4.500000e-01 |  0.0490  0.2070
0131  | 2.200000e-02 | 4.500000e-01 |  0.0470  0.2080
0132  | 2.400000e-02 | 4.500000e-01 |     NaN     NaN
0133  | 2.600000e-02 | 4.500000e-01 |     NaN     NaN
0134  | 2.800000e-02 | 4.500000e-01 |  0.0460  0.5340
0135  | 3.000000e-02 | 4.500000e-01 |  0.0480  0.5290
0136  | 2.000000e-03 | 5.000000e-01 |  0.0610  0.2110
0137  | 4.000000e-03 | 5.000000e-01 |  0.0590  0.2120
0138  | 6.000000e-03 | 5.000000e-01 |  0.0580  0.2130
0139  | 8.000000e-03 | 5.000000e-01 |  0.0570  0.2150
0140  | 1.000000e-02 | 5.000000e-01 |  0.0560  0.2160
0141  | 1.200000e-02 | 5.000000e-01 |  0.0550  0.2180
0142  | 1.400000e-02 | 5.000000e-01 |  0.0540  0.2190
0143  | 1.600000e-02 | 5.000000e-01 |     NaN     NaN
0144  | 1.800000e-02 | 5.000000e-01 |     NaN     NaN
0145  | 2.000000e-02 | 5.000000e-01 |     NaN     NaN
0146  | 2.200000e-02 | 5.000000e-01 |     NaN     NaN
0147  | 2.400000e-02 | 5.000000e-01 |  0.0500  0.5760
0148  | 2.600000e-02 | 5.000000e-01 |  0.0540  0.5720
0149  | 2.800000e-02 | 5.000000e-01 |  0.0550  0.5680
0150  | 3.000000e-02 | 5.000000e-01 |  0.0580  0.5650
0151  | 2.000000e-03 | 5.500000e-01 |  0.0650  0.2800
0152  | 4.000000e-03 | 5.500000e-01 |  0.0610  0.2860
0153  | 6.000000e-03 | 5.500000e-01 |  0.0590  0.2910
0154  | 8.000000e-03 | 5.500000e-01 |  0.0580  0.2940
0155  | 1.000000e-02 | 5.500000e-01 |  0.0570  0.2960
0156  | 1.200000e-02 | 5.500000e-01 |  0.0560  0.2980
0157  | 1.400000e-02 | 5.500000e-01 |  0.0540  0.3010
0158  | 1.600000e-02 | 5.500000e-01 |  0.0530  0.3030
0159  | 1.800000e-02 | 5.500000e-01 |     NaN     NaN
0160  | 2.000000e-02 | 5.500000e-01 |     NaN     NaN
0161  | 2.200000e-02 | 5.500000e-01 |  0.0550  0.6050
0162  | 2.400000e-02 | 5.500000e-01 |  0.0570  0.6030
0163  | 2.600000e-02 | 5.500000e-01 |  0.0600  0.5980
0164  | 2.800000e-02 | 5.500000e-01 |  0.0620  0.5960
0165  | 3.000000e-02 | 5.500000e-01 |  0.0650  0.5940
0166  | 2.000000e-03 | 6.000000e-01 |  0.0680  0.2980
0167  | 4.000000e-03 | 6.000000e-01 |  0.0650  0.3020
0168  | 6.000000e-03 | 6.000000e-01 |  0.0610  0.3070
0169  | 8.000000e-03 | 6.000000e-01 |  0.0580  0.3070
0170  | 1.000000e-02 | 6.000000e-01 |  0.0580  0.3100
0171  | 1.200000e-02 | 6.000000e-01 |  0.0560  0.3110
0172  | 1.400000e-02 | 6.000000e-01 |  0.0540  0.3140
0173  | 1.600000e-02 | 6.000000e-01 |     NaN     NaN
0174  | 1.800000e-02 | 6.000000e-01 |  0.0540  0.6310
0175  | 2.000000e-02 | 6.000000e-01 |  0.0580  0.6290
0176  | 2.200000e-02 | 6.000000e-01 |  0.0610  0.6250
0177  | 2.400000e-02 | 6.000000e-01 |  0.0630  0.6240
0178  | 2.600000e-02 | 6.000000e-01 |  0.0650  0.6210
0179  | 2.800000e-02 | 6.000000e-01 |  0.0680  0.6190
0180  | 3.000000e-02 | 6.000000e-01 |  0.0700  0.6170
0181  | 2.000000e-03 | 6.500000e-01 |  0.0660  0.3170
0182  | 4.000000e-03 | 6.500000e-01 |  0.0630  0.3210
0183  | 6.000000e-03 | 6.500000e-01 |  0.0610  0.3530
0184  | 8.000000e-03 | 6.500000e-01 |  0.0600  0.3560
0185  | 1.000000e-02 | 6.500000e-01 |  0.0550  0.3610
0186  | 1.200000e-02 | 6.500000e-01 |  0.0550  0.3650
0187  | 1.400000e-02 | 6.500000e-01 |  0.0540  0.3690
0188  | 1.600000e-02 | 6.500000e-01 |     NaN     NaN
0189  | 1.800000e-02 | 6.500000e-01 |  0.0590  0.6470
0190  | 2.000000e-02 | 6.500000e-01 |  0.0610  0.6460
0191  | 2.200000e-02 | 6.500000e-01 |  0.0650  0.6430
0192  | 2.400000e-02 | 6.500000e-01 |  0.0660  0.6410
0193  | 2.600000e-02 | 6.500000e-01 |  0.0700  0.6400
0194  | 2.800000e-02 | 6.500000e-01 |  0.0720  0.6380
0195  | 3.000000e-02 | 6.500000e-01 |  0.0730  0.6370
0196  | 2.000000e-03 | 7.000000e-01 |  0.0740  0.3570
0197  | 4.000000e-03 | 7.000000e-01 |  0.0700  0.3630
0198  | 6.000000e-03 | 7.000000e-01 |  0.0700  0.3680
0199  | 8.000000e-03 | 7.000000e-01 |  0.0660  0.3710
0200  | 1.000000e-02 | 7.000000e-01 |  0.0630  0.3740
0201  | 1.200000e-02 | 7.000000e-01 |  0.0620  0.3780
0202  | 1.400000e-02 | 7.000000e-01 |  0.0600  0.3820
0203  | 1.600000e-02 | 7.000000e-01 |     NaN     NaN
0204  | 1.800000e-02 | 7.000000e-01 |  0.0610  0.6610
0205  | 2.000000e-02 | 7.000000e-01 |  0.0660  0.6590
0206  | 2.200000e-02 | 7.000000e-01 |  0.0680  0.6570
0207  | 2.400000e-02 | 7.000000e-01 |  0.0710  0.6570
0208  | 2.600000e-02 | 7.000000e-01 |  0.0730  0.6550
0209  | 2.800000e-02 | 7.000000e-01 |  0.0740  0.6540
0210  | 3.000000e-02 | 7.000000e-01 |  0.0760  0.6560
0211  | 2.000000e-03 | 7.500000e-01 |  0.0810  0.3770
0212  | 4.000000e-03 | 7.500000e-01 |  0.0770  0.3810
0213  | 6.000000e-03 | 7.500000e-01 |  0.0740  0.3830
0214  | 8.000000e-03 | 7.500000e-01 |  0.0700  0.3870
0215  | 1.000000e-02 | 7.500000e-01 |  0.0670  0.3900
0216  | 1.200000e-02 | 7.500000e-01 |  0.0650  0.3930
0217  | 1.400000e-02 | 7.500000e-01 |  0.0620  0.3960
0218  | 1.600000e-02 | 7.500000e-01 |     NaN     NaN
0219  | 1.800000e-02 | 7.500000e-01 |  0.0640  0.6720
0220  | 2.000000e-02 | 7.500000e-01 |  0.0670  0.6700
0221  | 2.200000e-02 | 7.500000e-01 |  0.0700  0.6690
0222  | 2.400000e-02 | 7.500000e-01 |  0.0730  0.6690
0223  | 2.600000e-02 | 7.500000e-01 |  0.0750  0.6680
0224  | 2.800000e-02 | 7.500000e-01 |  0.0760  0.6690
0225  | 3.000000e-02 | 7.500000e-01 |  0.0790  0.6710
0226  | 2.000000e-03 | 8.000000e-01 |  0.0820  0.3960
0227  | 4.000000e-03 | 8.000000e-01 |  0.0780  0.3970
0228  | 6.000000e-03 | 8.000000e-01 |  0.0740  0.4000
0229  | 8.000000e-03 | 8.000000e-01 |  0.0700  0.4010
0230  | 1.000000e-02 | 8.000000e-01 |  0.0680  0.4030
0231  | 1.200000e-02 | 8.000000e-01 |  0.0650  0.4060
0232  | 1.400000e-02 | 8.000000e-01 |     NaN     NaN
0233  | 1.600000e-02 | 8.000000e-01 |  0.0640  0.6810
0234  | 1.800000e-02 | 8.000000e-01 |  0.0670  0.6810
0235  | 2.000000e-02 | 8.000000e-01 |  0.0700  0.6790
0236  | 2.200000e-02 | 8.000000e-01 |  0.0730  0.6790
0237  | 2.400000e-02 | 8.000000e-01 |  0.0750  0.6810
0238  | 2.600000e-02 | 8.000000e-01 |  0.0780  0.6800
0239  | 2.800000e-02 | 8.000000e-01 |  0.0790  0.6820
0240  | 3.000000e-02 | 8.000000e-01 |  0.0810  0.6840
0241  | 2.000000e-03 | 8.500000e-01 |  0.0790  0.4130
0242  | 4.000000e-03 | 8.500000e-01 |  0.0750  0.4130
0243  | 6.000000e-03 | 8.500000e-01 |  0.0710  0.4150
0244  | 8.000000e-03 | 8.500000e-01 |  0.0680  0.4160
0245  | 1.000000e-02 | 8.500000e-01 |  0.0650  0.4180
0246  | 1.200000e-02 | 8.500000e-01 |  0.0610  0.4190
0247  | 1.400000e-02 | 8.500000e-01 |     NaN     NaN
0248  | 1.600000e-02 | 8.500000e-01 |  0.0650  0.6870
0249  | 1.800000e-02 | 8.500000e-01 |  0.0690  0.6880
0250  | 2.000000e-02 | 8.500000e-01 |  0.0720  0.6880
0251  | 2.200000e-02 | 8.500000e-01 |  0.0750  0.6880
0252  | 2.400000e-02 | 8.500000e-01 |  0.0770  0.6900
0253  | 2.600000e-02 | 8.500000e-01 |  0.0770  0.6910
0254  | 2.800000e-02 | 8.500000e-01 |  0.0780  0.6920
0255  | 3.000000e-02 | 8.500000e-01 |  0.0810  0.6940
0256  | 2.000000e-03 | 9.000000e-01 |  0.0720  0.4300
0257  | 4.000000e-03 | 9.000000e-01 |  0.0690  0.4300
0258  | 6.000000e-03 | 9.000000e-01 |  0.0650  0.4300
0259  | 8.000000e-03 | 9.000000e-01 |  0.0630  0.4290
0260  | 1.000000e-02 | 9.000000e-01 |  0.0590  0.4310
0261  | 1.200000e-02 | 9.000000e-01 |     NaN     NaN
0262  | 1.400000e-02 | 9.000000e-01 |  0.0620  0.6940
0263  | 1.600000e-02 | 9.000000e-01 |  0.0670  0.6950
0264  | 1.800000e-02 | 9.000000e-01 |  0.0690  0.6960
0265  | 2.000000e-02 | 9.000000e-01 |  0.0710  0.6960
0266  | 2.200000e-02 | 9.000000e-01 |  0.0740  0.6960
0267  | 2.400000e-02 | 9.000000e-01 |  0.0750  0.6980
0268  | 2.600000e-02 | 9.000000e-01 |  0.0760  0.6980
0269  | 2.800000e-02 | 9.000000e-01 |  0.0760  0.7010
0270  | 3.000000e-02 | 9.000000e-01 |  0.0780  0.7030
