#Run  | kymin     1  /Eigenvalue1            
0001  | 2.500000e-02 |  0.0320 -0.0320
0002  | 5.000000e-02 |  0.0370  0.0290
0003  | 8.000000e-01 |  0.4110  0.0210
0001  | 2.500000e-02 |  0.0300 -2.8600
0002  | 5.000000e-02 |     NaN     NaN
0003  | 8.000000e-01 |  0.2800  0.0680
0001  | 2.500000e-02 |  1.3590  2.8310
0002  | 5.000000e-02 |  1.0780  0.9160
0003  | 8.000000e-01 |  0.1750  0.2690
0001  | 2.500000e-02 |  4.9270  4.1060
0002  | 5.000000e-02 |  4.3210  2.6110
0003  | 8.000000e-01 |  0.1200  0.5000
