 -3.1416E+00  0.0000E+00  6.4278E+07  6.4278E+07
 -3.0925E+00  0.0000E+00  6.3335E+07  6.3335E+07
 -3.0434E+00  0.0000E+00  6.3118E+07  6.3118E+07
 -2.9943E+00  0.0000E+00  6.3079E+07  6.3079E+07
 -2.9452E+00  0.0000E+00  6.3463E+07  6.3463E+07
 -2.8962E+00  0.0000E+00  6.3896E+07  6.3896E+07
 -2.8471E+00  0.0000E+00  6.4314E+07  6.4314E+07
 -2.7980E+00  0.0000E+00  6.4979E+07  6.4979E+07
 -2.7489E+00  0.0000E+00  6.4944E+07  6.4944E+07
 -2.6998E+00  0.0000E+00  6.5727E+07  6.5727E+07
 -2.6507E+00  0.0000E+00  6.5647E+07  6.5647E+07
 -2.6016E+00  0.0000E+00  6.6536E+07  6.6536E+07
 -2.5525E+00  0.0000E+00  6.6600E+07  6.6600E+07
 -2.5035E+00  0.0000E+00  6.7658E+07  6.7658E+07
 -2.4544E+00  0.0000E+00  6.7980E+07  6.7980E+07
 -2.4053E+00  0.0000E+00  6.9168E+07  6.9168E+07
 -2.3562E+00  0.0000E+00  6.9814E+07  6.9814E+07
 -2.3071E+00  0.0000E+00  7.1135E+07  7.1135E+07
 -2.2580E+00  0.0000E+00  7.2268E+07  7.2268E+07
 -2.2089E+00  0.0000E+00  7.3969E+07  7.3969E+07
 -2.1598E+00  0.0000E+00  7.6158E+07  7.6158E+07
 -2.1108E+00  0.0000E+00  7.9108E+07  7.9108E+07
 -2.0617E+00  0.0000E+00  8.3899E+07  8.3899E+07
 -2.0126E+00  0.0000E+00  9.0154E+07  9.0154E+07
 -1.9635E+00  0.0000E+00  1.0056E+08  1.0056E+08
 -1.9144E+00  0.0000E+00  1.1194E+08  1.1194E+08
 -1.8653E+00  0.0000E+00  1.2533E+08  1.2533E+08
 -1.8162E+00  0.0000E+00  1.3559E+08  1.3559E+08
 -1.7671E+00  0.0000E+00  1.4442E+08  1.4442E+08
 -1.7181E+00  0.0000E+00  1.5199E+08  1.5199E+08
 -1.6690E+00  0.0000E+00  1.5707E+08  1.5707E+08
 -1.6199E+00  0.0000E+00  1.6326E+08  1.6326E+08
 -1.5708E+00  0.0000E+00  1.6564E+08  1.6564E+08
 -1.5217E+00  0.0000E+00  1.7122E+08  1.7122E+08
 -1.4726E+00  0.0000E+00  1.7164E+08  1.7164E+08
 -1.4235E+00  0.0000E+00  1.7651E+08  1.7651E+08
 -1.3744E+00  0.0000E+00  1.7593E+08  1.7593E+08
 -1.3254E+00  0.0000E+00  1.7995E+08  1.7995E+08
 -1.2763E+00  0.0000E+00  1.7931E+08  1.7931E+08
 -1.2272E+00  0.0000E+00  1.8276E+08  1.8276E+08
 -1.1781E+00  0.0000E+00  1.8236E+08  1.8236E+08
 -1.1290E+00  0.0000E+00  1.8561E+08  1.8561E+08
 -1.0799E+00  0.0000E+00  1.8576E+08  1.8576E+08
 -1.0308E+00  0.0000E+00  1.8912E+08  1.8912E+08
 -9.8175E-01  0.0000E+00  1.9031E+08  1.9031E+08
 -9.3266E-01  0.0000E+00  1.9425E+08  1.9425E+08
 -8.8357E-01  0.0000E+00  1.9673E+08  1.9673E+08
 -8.3449E-01  0.0000E+00  2.0179E+08  2.0179E+08
 -7.8540E-01  0.0000E+00  2.0594E+08  2.0594E+08
 -7.3631E-01  0.0000E+00  2.1285E+08  2.1285E+08
 -6.8722E-01  0.0000E+00  2.1924E+08  2.1924E+08
 -6.3814E-01  0.0000E+00  2.2918E+08  2.2918E+08
 -5.8905E-01  0.0000E+00  2.3964E+08  2.3964E+08
 -5.3996E-01  0.0000E+00  2.5552E+08  2.5552E+08
 -4.9087E-01  0.0000E+00  2.7345E+08  2.7345E+08
 -4.4179E-01  0.0000E+00  2.9988E+08  2.9988E+08
 -3.9270E-01  0.0000E+00  3.2741E+08  3.2741E+08
 -3.4361E-01  0.0000E+00  3.6520E+08  3.6520E+08
 -2.9452E-01  0.0000E+00  3.9824E+08  3.9824E+08
 -2.4544E-01  0.0000E+00  4.4018E+08  4.4018E+08
 -1.9635E-01  0.0000E+00  4.7260E+08  4.7260E+08
 -1.4726E-01  0.0000E+00  5.0701E+08  5.0701E+08
 -9.8175E-02  0.0000E+00  5.3416E+08  5.3416E+08
 -4.9087E-02  0.0000E+00  5.4703E+08  5.4703E+08
  0.0000E+00  0.0000E+00  5.5808E+08  5.5808E+08
  4.9087E-02  0.0000E+00  5.4703E+08  5.4703E+08
  9.8175E-02  0.0000E+00  5.3418E+08  5.3418E+08
  1.4726E-01  0.0000E+00  5.0702E+08  5.0702E+08
  1.9635E-01  0.0000E+00  4.7264E+08  4.7264E+08
  2.4544E-01  0.0000E+00  4.4019E+08  4.4019E+08
  2.9452E-01  0.0000E+00  3.9829E+08  3.9829E+08
  3.4361E-01  0.0000E+00  3.6521E+08  3.6521E+08
  3.9270E-01  0.0000E+00  3.2747E+08  3.2747E+08
  4.4179E-01  0.0000E+00  2.9991E+08  2.9991E+08
  4.9087E-01  0.0000E+00  2.7350E+08  2.7350E+08
  5.3996E-01  0.0000E+00  2.5556E+08  2.5556E+08
  5.8905E-01  0.0000E+00  2.3970E+08  2.3970E+08
  6.3814E-01  0.0000E+00  2.2922E+08  2.2922E+08
  6.8722E-01  0.0000E+00  2.1930E+08  2.1930E+08
  7.3631E-01  0.0000E+00  2.1290E+08  2.1290E+08
  7.8540E-01  0.0000E+00  2.0601E+08  2.0601E+08
  8.3449E-01  0.0000E+00  2.0184E+08  2.0184E+08
  8.8357E-01  0.0000E+00  1.9680E+08  1.9680E+08
  9.3266E-01  0.0000E+00  1.9430E+08  1.9430E+08
  9.8175E-01  0.0000E+00  1.9038E+08  1.9038E+08
  1.0308E+00  0.0000E+00  1.8918E+08  1.8918E+08
  1.0799E+00  0.0000E+00  1.8584E+08  1.8584E+08
  1.1290E+00  0.0000E+00  1.8566E+08  1.8566E+08
  1.1781E+00  0.0000E+00  1.8244E+08  1.8244E+08
  1.2272E+00  0.0000E+00  1.8282E+08  1.8282E+08
  1.2763E+00  0.0000E+00  1.7941E+08  1.7941E+08
  1.3254E+00  0.0000E+00  1.8001E+08  1.8001E+08
  1.3744E+00  0.0000E+00  1.7604E+08  1.7604E+08
  1.4235E+00  0.0000E+00  1.7657E+08  1.7657E+08
  1.4726E+00  0.0000E+00  1.7177E+08  1.7177E+08
  1.5217E+00  0.0000E+00  1.7129E+08  1.7129E+08
  1.5708E+00  0.0000E+00  1.6578E+08  1.6578E+08
  1.6199E+00  0.0000E+00  1.6334E+08  1.6334E+08
  1.6690E+00  0.0000E+00  1.5722E+08  1.5722E+08
  1.7181E+00  0.0000E+00  1.5206E+08  1.5206E+08
  1.7671E+00  0.0000E+00  1.4459E+08  1.4459E+08
  1.8162E+00  0.0000E+00  1.3567E+08  1.3567E+08
  1.8653E+00  0.0000E+00  1.2554E+08  1.2554E+08
  1.9144E+00  0.0000E+00  1.1201E+08  1.1201E+08
  1.9635E+00  0.0000E+00  1.0082E+08  1.0082E+08
  2.0126E+00  0.0000E+00  9.0247E+07  9.0247E+07
  2.0617E+00  0.0000E+00  8.4188E+07  8.4188E+07
  2.1108E+00  0.0000E+00  7.9249E+07  7.9249E+07
  2.1598E+00  0.0000E+00  7.6452E+07  7.6452E+07
  2.2089E+00  0.0000E+00  7.4152E+07  7.4152E+07
  2.2580E+00  0.0000E+00  7.2563E+07  7.2563E+07
  2.3071E+00  0.0000E+00  7.1355E+07  7.1355E+07
  2.3562E+00  0.0000E+00  7.0114E+07  7.0114E+07
  2.4053E+00  0.0000E+00  6.9424E+07  6.9424E+07
  2.4544E+00  0.0000E+00  6.8296E+07  6.8296E+07
  2.5035E+00  0.0000E+00  6.7950E+07  6.7950E+07
  2.5525E+00  0.0000E+00  6.6948E+07  6.6948E+07
  2.6016E+00  0.0000E+00  6.6871E+07  6.6871E+07
  2.6507E+00  0.0000E+00  6.6051E+07  6.6051E+07
  2.6998E+00  0.0000E+00  6.6117E+07  6.6117E+07
  2.7489E+00  0.0000E+00  6.5425E+07  6.5425E+07
  2.7980E+00  0.0000E+00  6.5449E+07  6.5449E+07
  2.8471E+00  0.0000E+00  6.4895E+07  6.4895E+07
  2.8962E+00  0.0000E+00  6.4469E+07  6.4469E+07
  2.9452E+00  0.0000E+00  6.4108E+07  6.4108E+07
  2.9943E+00  0.0000E+00  6.3843E+07  6.3843E+07
  3.0434E+00  0.0000E+00  6.3710E+07  6.3710E+07
  3.0925E+00  0.0000E+00  6.4462E+07  6.4462E+07
