# CREATED BY GENE DIAGNOSTICS TOOL on Mon Feb 21 16:43:42 2022
# diag: nrgsummary, run(s): 1-dat, time window: 0-1760.9161(1 steps), species: i
# original data path: /marconi_scratch/userexternal/pmulholl/p02/
# normalization: L_ref=1.65m
#
#  t          G_tot       Q_tot       P_tot     
  0.0000E+00  0.0000E+00  0.0000E+00  0.0000E+00
  8.0828E-01  3.6152E-03  7.5181E-02 -2.6570E-04
  1.6778E+00 -6.4259E-03  4.0418E-02 -4.2362E-04
  2.5541E+00  4.7916E-03  1.3491E-01 -7.0000E-04
  3.4303E+00 -5.8830E-03  1.2053E-01 -1.2796E-03
  4.3065E+00 -2.2966E-02  1.0775E-01 -6.7008E-04
  5.1828E+00  3.6817E-03  2.1305E-01  8.9499E-04
  6.0590E+00 -3.4954E-02  8.2482E-02  3.9587E-04
  6.9352E+00  7.0543E-03  2.6285E-01 -4.3100E-05
  7.8114E+00 -1.7336E-02  1.4221E-01 -1.0224E-03
  8.7245E+00 -1.0093E-03  2.1720E-01  1.2505E-03
  9.6445E+00  2.6119E-02  2.9356E-01  2.1733E-03
  1.0565E+01 -1.5112E-02  1.4756E-01 -3.6570E-04
  1.1485E+01  4.2452E-02  3.5694E-01 -8.7380E-04
  1.2405E+01  1.0031E-02  2.2994E-01  1.1653E-04
  1.3325E+01  1.9799E-02  2.7995E-01 -4.5232E-04
  1.4245E+01  4.3312E-02  3.7100E-01 -1.0814E-03
  1.5165E+01 -3.0031E-03  2.0068E-01 -2.2183E-03
  1.6085E+01  3.8803E-02  3.7072E-01 -3.2491E-03
  1.7005E+01  5.3411E-03  2.4137E-01 -1.4736E-04
  1.7925E+01  4.1306E-03  2.3504E-01 -2.9479E-03
  1.8845E+01  2.8156E-02  3.2336E-01  8.3394E-04
  1.9765E+01 -1.6060E-02  1.5816E-01 -2.4464E-03
  2.0685E+01  2.3642E-02  3.0836E-01  1.9951E-04
  2.1605E+01  4.2203E-03  2.3454E-01 -1.2564E-04
  2.2525E+01  1.6971E-03  2.3114E-01 -1.9420E-03
  2.3445E+01  2.6888E-02  3.2094E-01  7.5354E-04
  2.4365E+01 -3.0273E-03  2.2378E-01 -3.4536E-03
  2.5285E+01  2.2268E-02  3.2080E-01  2.8016E-03
  2.6205E+01  1.3333E-02  2.8611E-01  7.9425E-04
  2.7125E+01  9.8470E-03  2.7782E-01 -2.8036E-03
  2.8045E+01  2.6167E-02  3.2948E-01  4.0613E-03
  2.8965E+01  9.3878E-03  2.7598E-01  1.8776E-04
  2.9885E+01  2.2830E-02  3.2068E-01  1.6367E-03
  3.0805E+01  1.7657E-02  3.0873E-01  7.8531E-04
  3.1726E+01  1.5337E-02  3.0298E-01  1.1816E-03
  3.2646E+01  2.3833E-02  3.4115E-01  3.6544E-03
  3.3566E+01  1.3945E-02  3.1918E-01 -9.9692E-04
  3.4486E+01  2.0368E-02  3.5060E-01  3.3674E-03
  3.5406E+01  1.8307E-02  3.5650E-01  2.6818E-03
  3.6326E+01  1.5956E-02  3.5517E-01  2.5803E-04
  3.7246E+01  1.9806E-02  3.8561E-01  6.3920E-03
  3.8166E+01  1.5061E-02  3.7785E-01  1.0252E-03
  3.9086E+01  1.7953E-02  4.0227E-01  3.4512E-03
  4.0006E+01  1.7282E-02  4.1612E-01  4.6476E-03
  4.0926E+01  1.5965E-02  4.2173E-01  2.2996E-03
  4.1846E+01  1.7746E-02  4.5516E-01  5.0492E-03
  4.2766E+01  1.5800E-02  4.5960E-01  2.1439E-03
  4.3686E+01  1.8262E-02  4.9218E-01  4.4325E-03
  4.4606E+01  1.7895E-02  5.1566E-01  4.1372E-03
  4.5526E+01  1.7749E-02  5.2942E-01  1.9314E-03
  4.6446E+01  2.0639E-02  5.7280E-01  4.8195E-03
  4.7366E+01  2.0233E-02  5.8161E-01  3.4783E-03
  4.8286E+01  2.3092E-02  6.1696E-01  4.6560E-03
  4.9206E+01  2.4113E-02  6.4240E-01  5.1269E-03
  5.0126E+01  2.4813E-02  6.4973E-01  4.4293E-03
  5.1046E+01  2.7857E-02  6.9323E-01  5.5923E-03
  5.1966E+01  2.7721E-02  6.9674E-01  4.8877E-03
  5.2886E+01  2.9837E-02  7.3047E-01  4.4611E-03
  5.3806E+01  3.1582E-02  7.6381E-01  3.9887E-03
  5.4727E+01  3.1575E-02  7.7667E-01  3.0837E-03
  5.5647E+01  3.4446E-02  8.2921E-01  2.8511E-03
  5.6567E+01  3.3454E-02  8.4144E-01  2.6838E-03
  5.7487E+01  3.5303E-02  8.7752E-01  1.3416E-03
  5.8407E+01  3.7324E-02  9.1350E-01  1.0672E-03
  5.9327E+01  3.7065E-02  9.2599E-01  2.3607E-03
  6.0247E+01  3.9401E-02  9.7221E-01  2.1185E-03
  6.1167E+01  3.8627E-02  9.8437E-01  3.2526E-03
  6.2087E+01  3.9694E-02  1.0172E+00  4.2765E-03
  6.3007E+01  4.2024E-02  1.0544E+00  5.4457E-03
  6.3927E+01  4.4311E-02  1.0727E+00  5.9145E-03
  6.4847E+01  4.7466E-02  1.1202E+00  3.1066E-03
  6.5767E+01  4.9961E-02  1.1481E+00  2.6406E-03
  6.6687E+01  5.2404E-02  1.1891E+00  1.4760E-03
  6.7607E+01  5.4137E-02  1.2348E+00  1.1550E-05
  6.8527E+01  5.6622E-02  1.2723E+00  2.2996E-04
  6.9447E+01  5.8939E-02  1.3267E+00 -1.4884E-03
  7.0367E+01  6.2222E-02  1.3675E+00 -9.2901E-04
  7.1287E+01  6.5730E-02  1.4186E+00 -9.3440E-04
  7.2207E+01  6.8149E-02  1.4712E+00 -2.3091E-03
  7.3127E+01  7.2125E-02  1.5229E+00 -2.1711E-03
  7.4047E+01  7.3212E-02  1.5789E+00 -4.5640E-03
  7.4967E+01  7.6070E-02  1.6304E+00 -6.7319E-03
  7.5887E+01  7.8691E-02  1.6877E+00 -9.6429E-03
  7.6808E+01  8.0120E-02  1.7414E+00 -1.2274E-02
  7.7728E+01  8.5020E-02  1.7975E+00 -1.3202E-02
  7.8648E+01  8.6708E-02  1.8553E+00 -1.5778E-02
  7.9568E+01  9.0131E-02  1.9156E+00 -1.7455E-02
  8.0488E+01  9.4447E-02  1.9761E+00 -1.8101E-02
  8.1408E+01  9.5994E-02  2.0252E+00 -1.7718E-02
  8.2328E+01  1.0130E-01  2.0786E+00 -1.5147E-02
  8.3248E+01  1.0231E-01  2.1220E+00 -1.5539E-02
  8.4168E+01  1.0641E-01  2.1609E+00 -1.5379E-02
  8.5088E+01  1.1020E-01  2.1984E+00 -1.5079E-02
  8.6008E+01  1.0852E-01  2.2265E+00 -1.7157E-02
  8.6928E+01  1.1111E-01  2.2625E+00 -1.8328E-02
  8.7848E+01  1.1045E-01  2.2847E+00 -2.0079E-02
  8.8768E+01  1.0978E-01  2.3032E+00 -2.1783E-02
  8.9688E+01  1.1327E-01  2.3281E+00 -2.1542E-02
  9.0608E+01  1.1231E-01  2.3450E+00 -2.0056E-02
  9.1528E+01  1.1583E-01  2.3689E+00 -1.6511E-02
  9.2448E+01  1.1653E-01  2.3835E+00 -1.4240E-02
  9.3368E+01  1.1594E-01  2.3938E+00 -1.4257E-02
  9.4288E+01  1.1787E-01  2.4075E+00 -1.5692E-02
  9.5208E+01  1.1622E-01  2.4162E+00 -1.6105E-02
  9.6128E+01  1.1855E-01  2.4302E+00 -1.6013E-02
  9.7048E+01  1.1992E-01  2.4453E+00 -1.5377E-02
  9.7968E+01  1.2050E-01  2.4599E+00 -1.4724E-02
  9.8889E+01  1.2319E-01  2.4843E+00 -1.4801E-02
  9.9809E+01  1.2257E-01  2.5015E+00 -1.4382E-02
  1.0073E+02  1.2442E-01  2.5285E+00 -1.7275E-02
  1.0165E+02  1.2474E-01  2.5481E+00 -2.1084E-02
  1.0257E+02  1.2423E-01  2.5639E+00 -2.1777E-02
  1.0349E+02  1.2794E-01  2.5863E+00 -2.1847E-02
  1.0441E+02  1.2600E-01  2.6079E+00 -1.9316E-02
  1.0533E+02  1.2665E-01  2.6407E+00 -1.5948E-02
  1.0625E+02  1.2707E-01  2.6717E+00 -1.3656E-02
  1.0717E+02  1.2620E-01  2.6916E+00 -1.2698E-02
  1.0809E+02  1.3003E-01  2.7075E+00 -1.2546E-02
  1.0901E+02  1.2892E-01  2.7186E+00 -1.0271E-02
  1.0993E+02  1.3172E-01  2.7431E+00 -1.1660E-02
  1.1085E+02  1.3494E-01  2.7700E+00 -1.3393E-02
  1.1177E+02  1.3719E-01  2.7996E+00 -1.3274E-02
  1.1269E+02  1.4172E-01  2.8378E+00 -1.3668E-02
  1.1361E+02  1.4243E-01  2.8608E+00 -1.3172E-02
  1.1453E+02  1.4528E-01  2.8791E+00 -1.2344E-02
  1.1545E+02  1.4673E-01  2.8950E+00 -9.9306E-03
  1.1637E+02  1.4455E-01  2.9076E+00 -7.1961E-03
  1.1729E+02  1.4592E-01  2.9236E+00 -6.0136E-03
  1.1821E+02  1.4335E-01  2.9320E+00 -5.2825E-03
  1.1913E+02  1.4486E-01  2.9461E+00 -4.7373E-03
  1.2005E+02  1.4572E-01  2.9623E+00 -4.9892E-03
  1.2097E+02  1.4478E-01  2.9765E+00 -4.4170E-03
  1.2189E+02  1.4421E-01  2.9969E+00 -6.7530E-03
  1.2281E+02  1.4524E-01  3.0105E+00 -1.1551E-02
  1.2368E+02  1.4785E-01  3.0193E+00 -1.4850E-02
  1.2456E+02  1.5103E-01  3.0256E+00 -1.3769E-02
  1.2546E+02  1.5058E-01  3.0378E+00 -1.0947E-02
  1.2636E+02  1.5314E-01  3.0595E+00 -9.7948E-03
  1.2727E+02  1.5179E-01  3.0758E+00 -7.7724E-03
  1.2817E+02  1.5283E-01  3.0880E+00 -6.9661E-03
  1.2907E+02  1.5166E-01  3.0903E+00 -4.7373E-03
  1.2998E+02  1.4959E-01  3.0869E+00 -3.1889E-03
  1.3088E+02  1.5088E-01  3.0826E+00 -3.1521E-03
  1.3178E+02  1.5072E-01  3.0766E+00 -4.3181E-03
  1.3269E+02  1.5117E-01  3.0774E+00 -5.5265E-03
  1.3359E+02  1.5199E-01  3.0833E+00 -4.1114E-03
  1.3449E+02  1.5388E-01  3.0927E+00  6.2845E-04
  1.3540E+02  1.5573E-01  3.0994E+00  2.9151E-03
  1.3630E+02  1.5375E-01  3.1075E+00  3.5640E-03
  1.3720E+02  1.5459E-01  3.1174E+00  3.8074E-03
  1.3811E+02  1.5554E-01  3.1243E+00  3.5841E-03
  1.3901E+02  1.5595E-01  3.1233E+00  2.1685E-03
  1.3991E+02  1.5514E-01  3.1241E+00  1.9819E-03
  1.4082E+02  1.5354E-01  3.1311E+00  1.0940E-03
  1.4172E+02  1.5486E-01  3.1362E+00 -1.4425E-03
  1.4262E+02  1.5642E-01  3.1342E+00 -5.9413E-03
  1.4353E+02  1.5911E-01  3.1272E+00 -8.8206E-03
  1.4443E+02  1.5884E-01  3.1176E+00 -9.9879E-03
  1.4533E+02  1.5732E-01  3.1090E+00 -1.1719E-02
  1.4624E+02  1.5548E-01  3.1056E+00 -1.4049E-02
  1.4714E+02  1.5183E-01  3.1013E+00 -1.6860E-02
  1.4804E+02  1.5048E-01  3.1026E+00 -1.8624E-02
  1.4895E+02  1.5173E-01  3.1054E+00 -1.9633E-02
  1.4985E+02  1.5279E-01  3.1101E+00 -1.9213E-02
  1.5075E+02  1.5600E-01  3.1154E+00 -1.4776E-02
  1.5165E+02  1.5663E-01  3.1179E+00 -9.9402E-03
  1.5256E+02  1.5685E-01  3.1246E+00 -6.2107E-03
  1.5346E+02  1.5441E-01  3.1378E+00 -6.3727E-03
  1.5436E+02  1.5431E-01  3.1532E+00 -7.7448E-03
  1.5527E+02  1.5519E-01  3.1602E+00 -1.0754E-02
  1.5617E+02  1.5304E-01  3.1568E+00 -1.4392E-02
  1.5707E+02  1.5387E-01  3.1455E+00 -1.8777E-02
  1.5798E+02  1.5399E-01  3.1316E+00 -2.2413E-02
  1.5888E+02  1.5421E-01  3.1206E+00 -2.3848E-02
  1.5978E+02  1.5468E-01  3.1145E+00 -2.4793E-02
  1.6069E+02  1.5386E-01  3.1122E+00 -2.3854E-02
  1.6159E+02  1.5324E-01  3.1104E+00 -2.1715E-02
  1.6249E+02  1.5304E-01  3.1098E+00 -2.0073E-02
  1.6340E+02  1.5345E-01  3.1025E+00 -1.9803E-02
  1.6430E+02  1.5243E-01  3.0971E+00 -1.9666E-02
  1.6520E+02  1.5119E-01  3.0913E+00 -1.9147E-02
  1.6611E+02  1.5012E-01  3.0840E+00 -2.0223E-02
  1.6701E+02  1.4977E-01  3.0784E+00 -2.2377E-02
  1.6791E+02  1.4903E-01  3.0721E+00 -2.3572E-02
  1.6882E+02  1.4882E-01  3.0676E+00 -2.4305E-02
  1.6972E+02  1.4789E-01  3.0671E+00 -2.3624E-02
  1.7062E+02  1.5008E-01  3.0650E+00 -2.1423E-02
  1.7153E+02  1.5140E-01  3.0548E+00 -1.8985E-02
  1.7243E+02  1.5309E-01  3.0458E+00 -1.6980E-02
  1.7333E+02  1.5438E-01  3.0336E+00 -1.6549E-02
  1.7423E+02  1.5471E-01  3.0092E+00 -1.6518E-02
  1.7514E+02  1.5309E-01  2.9810E+00 -1.4901E-02
  1.7604E+02  1.5217E-01  2.9551E+00 -1.2890E-02
  1.7694E+02  1.5046E-01  2.9375E+00 -1.3165E-02
  1.7785E+02  1.4776E-01  2.9227E+00 -1.3186E-02
  1.7875E+02  1.4604E-01  2.9085E+00 -1.4059E-02
  1.7965E+02  1.4500E-01  2.8970E+00 -1.6313E-02
  1.8056E+02  1.4437E-01  2.8964E+00 -1.9411E-02
  1.8146E+02  1.4596E-01  2.8956E+00 -2.1877E-02
  1.8236E+02  1.4795E-01  2.8877E+00 -2.2018E-02
  1.8327E+02  1.4975E-01  2.8758E+00 -2.2163E-02
  1.8417E+02  1.5074E-01  2.8619E+00 -2.1824E-02
  1.8507E+02  1.4875E-01  2.8479E+00 -2.0572E-02
  1.8598E+02  1.4854E-01  2.8416E+00 -1.7369E-02
  1.8688E+02  1.4851E-01  2.8371E+00 -1.4295E-02
  1.8778E+02  1.4711E-01  2.8303E+00 -1.3422E-02
  1.8869E+02  1.4302E-01  2.8177E+00 -1.2376E-02
  1.8959E+02  1.4001E-01  2.8049E+00 -1.1355E-02
  1.9049E+02  1.3840E-01  2.7919E+00 -1.2361E-02
  1.9140E+02  1.3868E-01  2.7800E+00 -1.5606E-02
  1.9230E+02  1.3922E-01  2.7773E+00 -1.7896E-02
  1.9320E+02  1.3914E-01  2.7819E+00 -1.8409E-02
  1.9411E+02  1.3758E-01  2.7916E+00 -1.8083E-02
  1.9501E+02  1.3592E-01  2.7993E+00 -1.8193E-02
  1.9591E+02  1.3475E-01  2.8103E+00 -1.7239E-02
  1.9681E+02  1.3490E-01  2.8288E+00 -1.6577E-02
  1.9772E+02  1.3577E-01  2.8446E+00 -1.5308E-02
  1.9862E+02  1.3857E-01  2.8627E+00 -1.2919E-02
  1.9952E+02  1.4094E-01  2.8831E+00 -1.0515E-02
  2.0043E+02  1.4346E-01  2.9040E+00 -8.1612E-03
  2.0133E+02  1.4488E-01  2.9270E+00 -7.6759E-03
  2.0223E+02  1.4539E-01  2.9476E+00 -1.0909E-02
  2.0314E+02  1.4516E-01  2.9703E+00 -1.2721E-02
  2.0401E+02  1.4749E-01  2.9949E+00 -1.3527E-02
  2.0490E+02  1.4865E-01  3.0138E+00 -1.5702E-02
  2.0579E+02  1.4867E-01  3.0327E+00 -1.7549E-02
  2.0668E+02  1.4739E-01  3.0550E+00 -1.9486E-02
  2.0758E+02  1.4532E-01  3.0819E+00 -1.9060E-02
  2.0847E+02  1.4416E-01  3.1054E+00 -1.7570E-02
  2.0936E+02  1.4527E-01  3.1208E+00 -1.7906E-02
  2.1025E+02  1.4695E-01  3.1278E+00 -1.9219E-02
  2.1114E+02  1.4824E-01  3.1328E+00 -2.0254E-02
  2.1203E+02  1.5100E-01  3.1335E+00 -2.1275E-02
  2.1292E+02  1.5271E-01  3.1285E+00 -2.2360E-02
  2.1381E+02  1.5284E-01  3.1197E+00 -2.0966E-02
  2.1470E+02  1.5333E-01  3.1096E+00 -1.7657E-02
  2.1559E+02  1.5467E-01  3.1045E+00 -1.4775E-02
  2.1649E+02  1.5374E-01  3.1065E+00 -1.3448E-02
  2.1738E+02  1.5313E-01  3.1114E+00 -1.2868E-02
  2.1827E+02  1.5413E-01  3.1161E+00 -1.2876E-02
  2.1916E+02  1.5450E-01  3.1177E+00 -1.2721E-02
  2.2005E+02  1.5406E-01  3.1093E+00 -1.3949E-02
  2.2094E+02  1.5288E-01  3.0946E+00 -1.4076E-02
  2.2183E+02  1.4946E-01  3.0747E+00 -1.1237E-02
  2.2272E+02  1.4779E-01  3.0535E+00 -7.3089E-03
  2.2361E+02  1.4745E-01  3.0334E+00 -3.6804E-03
  2.2450E+02  1.4725E-01  3.0242E+00 -4.8086E-03
  2.2540E+02  1.4689E-01  3.0227E+00 -6.6591E-03
  2.2629E+02  1.4722E-01  3.0272E+00 -7.7351E-03
  2.2718E+02  1.4685E-01  3.0362E+00 -7.4409E-03
  2.2807E+02  1.4588E-01  3.0529E+00 -7.9000E-03
  2.2896E+02  1.4635E-01  3.0766E+00 -9.1934E-03
  2.2985E+02  1.4733E-01  3.0982E+00 -8.9110E-03
  2.3074E+02  1.4761E-01  3.1213E+00 -6.5063E-03
  2.3163E+02  1.4792E-01  3.1402E+00 -4.6470E-03
  2.3252E+02  1.4880E-01  3.1497E+00 -5.6964E-04
  2.3341E+02  1.5027E-01  3.1532E+00  2.7420E-03
  2.3431E+02  1.5111E-01  3.1569E+00  4.9082E-03
  2.3520E+02  1.4911E-01  3.1573E+00  6.9962E-03
  2.3609E+02  1.4798E-01  3.1547E+00  8.8029E-03
  2.3698E+02  1.4578E-01  3.1497E+00  9.1854E-03
  2.3787E+02  1.4626E-01  3.1409E+00  9.6848E-03
  2.3876E+02  1.4704E-01  3.1357E+00  1.4639E-02
  2.3965E+02  1.4777E-01  3.1394E+00  2.0855E-02
  2.4054E+02  1.4797E-01  3.1468E+00  2.3196E-02
  2.4143E+02  1.4861E-01  3.1636E+00  2.3642E-02
  2.4233E+02  1.5218E-01  3.1837E+00  2.5738E-02
  2.4322E+02  1.5468E-01  3.2056E+00  2.7154E-02
  2.4411E+02  1.5510E-01  3.2192E+00  2.6974E-02
  2.4500E+02  1.5531E-01  3.2189E+00  2.3433E-02
  2.4589E+02  1.5461E-01  3.2125E+00  2.0698E-02
  2.4678E+02  1.5257E-01  3.2153E+00  1.9421E-02
  2.4767E+02  1.5301E-01  3.2269E+00  1.5855E-02
  2.4856E+02  1.5422E-01  3.2417E+00  1.2197E-02
  2.4945E+02  1.5233E-01  3.2634E+00  1.0235E-02
  2.5034E+02  1.5054E-01  3.2849E+00  8.2035E-03
  2.5124E+02  1.4949E-01  3.3028E+00  6.5526E-03
  2.5213E+02  1.5038E-01  3.3208E+00  6.6707E-03
  2.5302E+02  1.5074E-01  3.3417E+00  5.3388E-03
  2.5391E+02  1.5119E-01  3.3659E+00  4.1142E-03
  2.5480E+02  1.5131E-01  3.3833E+00  3.4970E-03
  2.5569E+02  1.5347E-01  3.3949E+00  5.9358E-03
  2.5658E+02  1.5443E-01  3.4010E+00  9.7121E-03
  2.5747E+02  1.5388E-01  3.4075E+00  1.5184E-02
  2.5836E+02  1.5362E-01  3.4188E+00  1.8024E-02
  2.5925E+02  1.5321E-01  3.4364E+00  1.9016E-02
  2.6015E+02  1.5442E-01  3.4577E+00  1.8254E-02
  2.6104E+02  1.5637E-01  3.4803E+00  1.9190E-02
  2.6193E+02  1.5845E-01  3.5099E+00  2.0860E-02
  2.6282E+02  1.5984E-01  3.5409E+00  2.0306E-02
  2.6371E+02  1.6203E-01  3.5593E+00  1.6786E-02
  2.6460E+02  1.6289E-01  3.5696E+00  1.0729E-02
  2.6549E+02  1.6409E-01  3.5716E+00  3.3704E-03
  2.6638E+02  1.6634E-01  3.5698E+00 -2.6312E-03
  2.6727E+02  1.6839E-01  3.5708E+00 -7.5262E-03
  2.6816E+02  1.6896E-01  3.5748E+00 -1.3509E-02
  2.6906E+02  1.6895E-01  3.5758E+00 -1.8367E-02
  2.6995E+02  1.6787E-01  3.5722E+00 -2.0821E-02
  2.7084E+02  1.6595E-01  3.5649E+00 -2.1258E-02
  2.7173E+02  1.6467E-01  3.5565E+00 -2.1912E-02
  2.7262E+02  1.6647E-01  3.5453E+00 -2.5466E-02
  2.7351E+02  1.6751E-01  3.5389E+00 -2.9921E-02
  2.7440E+02  1.6854E-01  3.5359E+00 -3.3303E-02
  2.7529E+02  1.6850E-01  3.5289E+00 -3.2246E-02
  2.7618E+02  1.6838E-01  3.5247E+00 -3.1936E-02
  2.7708E+02  1.6677E-01  3.5222E+00 -3.4231E-02
  2.7797E+02  1.6560E-01  3.5118E+00 -3.6142E-02
  2.7886E+02  1.6468E-01  3.5049E+00 -3.7480E-02
  2.7975E+02  1.6488E-01  3.5088E+00 -3.6529E-02
  2.8064E+02  1.6612E-01  3.5137E+00 -3.5130E-02
  2.8153E+02  1.6609E-01  3.5119E+00 -3.3757E-02
  2.8242E+02  1.6436E-01  3.5075E+00 -3.3118E-02
  2.8331E+02  1.6449E-01  3.5006E+00 -3.2979E-02
  2.8420E+02  1.6519E-01  3.4904E+00 -3.1290E-02
  2.8509E+02  1.6501E-01  3.4757E+00 -2.6355E-02
  2.8599E+02  1.6479E-01  3.4644E+00 -2.0749E-02
  2.8688E+02  1.6357E-01  3.4555E+00 -1.6493E-02
  2.8777E+02  1.6016E-01  3.4413E+00 -1.1052E-02
  2.8866E+02  1.5855E-01  3.4235E+00 -8.3456E-03
  2.8955E+02  1.5895E-01  3.4084E+00 -7.1324E-03
  2.9044E+02  1.5915E-01  3.4035E+00 -6.3314E-03
  2.9133E+02  1.5811E-01  3.4063E+00 -7.4822E-03
  2.9222E+02  1.5663E-01  3.4123E+00 -1.0307E-02
  2.9311E+02  1.5655E-01  3.4153E+00 -1.2364E-02
  2.9400E+02  1.5863E-01  3.4152E+00 -1.1489E-02
  2.9490E+02  1.6002E-01  3.4230E+00 -8.0751E-03
  2.9579E+02  1.6214E-01  3.4309E+00 -6.0124E-03
  2.9668E+02  1.6426E-01  3.4429E+00 -2.9070E-03
  2.9757E+02  1.6522E-01  3.4515E+00 -7.5062E-04
  2.9846E+02  1.6610E-01  3.4567E+00  1.5482E-03
  2.9935E+02  1.6492E-01  3.4582E+00  4.3164E-03
  3.0024E+02  1.6346E-01  3.4571E+00  3.8344E-03
  3.0113E+02  1.6555E-01  3.4600E+00  6.2258E-03
  3.0202E+02  1.6493E-01  3.4658E+00  8.0570E-03
  3.0291E+02  1.6396E-01  3.4705E+00  5.9551E-03
  3.0381E+02  1.6370E-01  3.4768E+00  1.1251E-03
  3.0470E+02  1.6297E-01  3.4900E+00 -2.9108E-03
  3.0559E+02  1.6327E-01  3.5006E+00 -7.5686E-03
  3.0648E+02  1.6329E-01  3.5097E+00 -1.2846E-02
  3.0737E+02  1.6462E-01  3.5181E+00 -1.9548E-02
  3.0823E+02  1.6709E-01  3.5283E+00 -2.4965E-02
  3.0911E+02  1.6901E-01  3.5449E+00 -2.5357E-02
  3.1002E+02  1.6946E-01  3.5659E+00 -2.4118E-02
  3.1093E+02  1.6974E-01  3.5843E+00 -2.2578E-02
  3.1185E+02  1.6841E-01  3.5889E+00 -1.8153E-02
  3.1276E+02  1.6626E-01  3.5843E+00 -1.4139E-02
  3.1367E+02  1.6600E-01  3.5781E+00 -1.2487E-02
  3.1458E+02  1.6737E-01  3.5728E+00 -1.3281E-02
  3.1549E+02  1.6786E-01  3.5743E+00 -1.3160E-02
  3.1640E+02  1.6759E-01  3.5713E+00 -1.1336E-02
  3.1731E+02  1.6722E-01  3.5638E+00 -9.8160E-03
  3.1822E+02  1.6517E-01  3.5580E+00 -6.9854E-03
  3.1913E+02  1.6344E-01  3.5558E+00 -2.1369E-03
  3.2004E+02  1.6237E-01  3.5453E+00 -1.0092E-03
  3.2095E+02  1.6214E-01  3.5319E+00 -8.0581E-04
  3.2186E+02  1.6145E-01  3.5146E+00 -2.9878E-04
  3.2277E+02  1.6235E-01  3.4982E+00  9.2241E-04
  3.2368E+02  1.6344E-01  3.4908E+00  3.5563E-04
  3.2459E+02  1.6244E-01  3.4913E+00 -2.2963E-04
  3.2550E+02  1.6022E-01  3.4932E+00 -3.7081E-03
  3.2641E+02  1.5954E-01  3.4974E+00 -6.8544E-03
  3.2732E+02  1.5766E-01  3.4986E+00 -7.8859E-03
  3.2823E+02  1.5704E-01  3.4955E+00 -8.5657E-03
  3.2914E+02  1.5700E-01  3.4852E+00 -9.4274E-03
  3.3005E+02  1.5831E-01  3.4801E+00 -8.0535E-03
  3.3096E+02  1.5892E-01  3.4674E+00 -5.0761E-03
  3.3187E+02  1.5904E-01  3.4531E+00 -2.0538E-03
  3.3278E+02  1.5849E-01  3.4393E+00  4.7405E-04
  3.3369E+02  1.5582E-01  3.4208E+00  3.9492E-03
  3.3460E+02  1.5363E-01  3.4063E+00  6.6987E-03
  3.3551E+02  1.5506E-01  3.3995E+00  9.0312E-03
  3.3642E+02  1.5514E-01  3.4001E+00  1.0383E-02
  3.3734E+02  1.5417E-01  3.4027E+00  1.1048E-02
  3.3825E+02  1.5444E-01  3.4074E+00  1.0611E-02
  3.3916E+02  1.5658E-01  3.4115E+00  8.5363E-03
  3.4007E+02  1.5538E-01  3.4047E+00  5.3718E-03
  3.4098E+02  1.5575E-01  3.3929E+00 -5.3543E-04
  3.4189E+02  1.5298E-01  3.3792E+00 -5.4864E-03
  3.4280E+02  1.4987E-01  3.3649E+00 -8.8886E-03
  3.4371E+02  1.4757E-01  3.3615E+00 -1.1013E-02
  3.4462E+02  1.4791E-01  3.3691E+00 -9.1544E-03
  3.4553E+02  1.4803E-01  3.3780E+00 -6.9723E-03
  3.4644E+02  1.4935E-01  3.3845E+00 -4.2014E-03
  3.4735E+02  1.4954E-01  3.3908E+00 -1.3122E-03
  3.4826E+02  1.4956E-01  3.3915E+00  1.1046E-03
  3.4917E+02  1.4871E-01  3.3813E+00  3.9180E-03
  3.5008E+02  1.4830E-01  3.3639E+00  8.0158E-03
  3.5099E+02  1.4891E-01  3.3516E+00  9.8501E-03
  3.5190E+02  1.4860E-01  3.3586E+00  9.8654E-03
  3.5281E+02  1.4770E-01  3.3754E+00  7.7072E-03
  3.5372E+02  1.4673E-01  3.4040E+00  5.0461E-03
  3.5463E+02  1.4763E-01  3.4423E+00  3.1039E-03
  3.5554E+02  1.5045E-01  3.4832E+00  2.4013E-03
  3.5645E+02  1.5118E-01  3.5197E+00  1.0105E-03
  3.5736E+02  1.5325E-01  3.5519E+00  9.1474E-04
  3.5824E+02  1.5468E-01  3.5790E+00  2.8294E-03
  3.5914E+02  1.5645E-01  3.5963E+00  2.8936E-03
  3.6004E+02  1.5785E-01  3.6078E+00  2.7283E-03
  3.6094E+02  1.5983E-01  3.6200E+00  2.7030E-03
  3.6184E+02  1.6150E-01  3.6336E+00  1.4614E-03
  3.6274E+02  1.6260E-01  3.6455E+00  2.1924E-03
  3.6364E+02  1.6160E-01  3.6559E+00  2.6829E-03
  3.6453E+02  1.6061E-01  3.6736E+00  3.8884E-03
  3.6543E+02  1.5887E-01  3.6956E+00  4.6483E-03
  3.6633E+02  1.5792E-01  3.7213E+00  2.4063E-03
  3.6723E+02  1.5831E-01  3.7434E+00 -2.2190E-03
  3.6813E+02  1.5951E-01  3.7605E+00 -8.5795E-03
  3.6903E+02  1.6185E-01  3.7771E+00 -1.4090E-02
  3.6993E+02  1.6298E-01  3.7930E+00 -1.9572E-02
  3.7083E+02  1.6224E-01  3.8002E+00 -2.3485E-02
  3.7173E+02  1.6385E-01  3.8019E+00 -2.7146E-02
  3.7263E+02  1.6583E-01  3.7908E+00 -3.0866E-02
  3.7353E+02  1.6582E-01  3.7743E+00 -3.1392E-02
  3.7443E+02  1.6543E-01  3.7653E+00 -2.8266E-02
  3.7533E+02  1.6528E-01  3.7648E+00 -2.6616E-02
  3.7622E+02  1.6473E-01  3.7655E+00 -2.6018E-02
  3.7712E+02  1.6612E-01  3.7654E+00 -2.4977E-02
  3.7802E+02  1.6750E-01  3.7696E+00 -2.4696E-02
  3.7892E+02  1.7072E-01  3.7719E+00 -2.5966E-02
  3.7982E+02  1.7309E-01  3.7662E+00 -2.7016E-02
  3.8072E+02  1.7445E-01  3.7513E+00 -2.8712E-02
  3.8162E+02  1.7327E-01  3.7401E+00 -2.9014E-02
  3.8252E+02  1.7155E-01  3.7340E+00 -2.7184E-02
  3.8342E+02  1.6911E-01  3.7328E+00 -2.5425E-02
  3.8432E+02  1.6559E-01  3.7313E+00 -2.3928E-02
  3.8522E+02  1.6329E-01  3.7241E+00 -2.1827E-02
  3.8612E+02  1.6395E-01  3.7156E+00 -1.9356E-02
  3.8702E+02  1.6397E-01  3.7067E+00 -1.5712E-02
  3.8791E+02  1.6530E-01  3.7000E+00 -1.4251E-02
  3.8881E+02  1.6716E-01  3.6944E+00 -1.2635E-02
  3.8971E+02  1.6746E-01  3.6827E+00 -1.2140E-02
  3.9061E+02  1.6647E-01  3.6642E+00 -1.1865E-02
  3.9151E+02  1.6615E-01  3.6513E+00 -8.6052E-03
  3.9241E+02  1.6614E-01  3.6437E+00 -4.3813E-03
  3.9331E+02  1.6656E-01  3.6402E+00 -1.6745E-03
  3.9421E+02  1.6762E-01  3.6425E+00 -1.4519E-03
  3.9511E+02  1.6574E-01  3.6437E+00 -4.1322E-03
  3.9601E+02  1.6400E-01  3.6427E+00 -3.7988E-03
  3.9691E+02  1.6441E-01  3.6336E+00 -2.1427E-03
  3.9781E+02  1.6541E-01  3.6209E+00 -9.5660E-06
  3.9871E+02  1.6663E-01  3.6072E+00  5.7247E-03
  3.9960E+02  1.6672E-01  3.5950E+00  1.3189E-02
  4.0050E+02  1.6634E-01  3.5836E+00  1.7237E-02
  4.0140E+02  1.6610E-01  3.5681E+00  1.4612E-02
  4.0230E+02  1.6390E-01  3.5488E+00  7.3678E-03
  4.0320E+02  1.6171E-01  3.5368E+00 -2.8068E-04
  4.0410E+02  1.5829E-01  3.5364E+00 -6.5545E-03
  4.0500E+02  1.5703E-01  3.5435E+00 -1.0612E-02
  4.0590E+02  1.5796E-01  3.5504E+00 -1.2052E-02
  4.0680E+02  1.5812E-01  3.5583E+00 -1.1686E-02
  4.0770E+02  1.5811E-01  3.5682E+00 -1.2483E-02
  4.0860E+02  1.5856E-01  3.5645E+00 -1.0625E-02
  4.0950E+02  1.6042E-01  3.5504E+00 -9.3392E-03
  4.1040E+02  1.6168E-01  3.5306E+00 -7.7229E-03
  4.1129E+02  1.6341E-01  3.5010E+00 -3.2511E-03
  4.1219E+02  1.6176E-01  3.4778E+00  6.8912E-04
  4.1309E+02  1.5946E-01  3.4661E+00  4.3463E-03
  4.1399E+02  1.5838E-01  3.4603E+00  6.1401E-03
  4.1489E+02  1.5548E-01  3.4525E+00  6.4793E-03
  4.1579E+02  1.5276E-01  3.4347E+00  5.8500E-03
  4.1669E+02  1.5119E-01  3.4041E+00  5.4209E-03
  4.1759E+02  1.5051E-01  3.3718E+00  6.2789E-03
  4.1849E+02  1.5007E-01  3.3428E+00  5.5188E-03
  4.1939E+02  1.4945E-01  3.3234E+00  2.7829E-03
  4.2029E+02  1.4968E-01  3.3024E+00 -5.2550E-04
  4.2119E+02  1.4892E-01  3.2764E+00 -6.1941E-03
  4.2209E+02  1.4787E-01  3.2454E+00 -1.2121E-02
  4.2298E+02  1.4672E-01  3.2201E+00 -2.1100E-02
  4.2388E+02  1.4406E-01  3.2011E+00 -2.8744E-02
  4.2478E+02  1.4163E-01  3.1885E+00 -3.4918E-02
  4.2568E+02  1.3915E-01  3.1881E+00 -3.8323E-02
  4.2658E+02  1.3767E-01  3.1909E+00 -3.8482E-02
  4.2748E+02  1.3709E-01  3.1974E+00 -4.0140E-02
  4.2838E+02  1.3689E-01  3.2006E+00 -4.5132E-02
  4.2928E+02  1.3615E-01  3.1914E+00 -4.9341E-02
  4.3018E+02  1.3404E-01  3.1885E+00 -5.1567E-02
  4.3108E+02  1.3196E-01  3.1842E+00 -5.2200E-02
  4.3198E+02  1.3118E-01  3.1828E+00 -5.3701E-02
  4.3288E+02  1.3374E-01  3.1787E+00 -5.5333E-02
  4.3378E+02  1.3682E-01  3.1807E+00 -5.4926E-02
  4.3467E+02  1.3763E-01  3.1942E+00 -5.4755E-02
  4.3557E+02  1.3969E-01  3.2074E+00 -5.4904E-02
  4.3647E+02  1.4275E-01  3.2189E+00 -5.3945E-02
  4.3737E+02  1.4388E-01  3.2249E+00 -5.3069E-02
  4.3827E+02  1.4221E-01  3.2267E+00 -5.2076E-02
  4.3917E+02  1.4250E-01  3.2232E+00 -5.0152E-02
  4.4007E+02  1.4310E-01  3.2199E+00 -4.8915E-02
  4.4097E+02  1.4291E-01  3.2175E+00 -4.7229E-02
  4.4187E+02  1.4330E-01  3.2193E+00 -4.3250E-02
  4.4277E+02  1.4466E-01  3.2252E+00 -3.8915E-02
  4.4367E+02  1.4496E-01  3.2368E+00 -3.6174E-02
  4.4457E+02  1.4703E-01  3.2462E+00 -3.5002E-02
  4.4547E+02  1.4940E-01  3.2518E+00 -3.7240E-02
  4.4636E+02  1.5076E-01  3.2572E+00 -3.8287E-02
  4.4726E+02  1.5259E-01  3.2667E+00 -3.8144E-02
  4.4816E+02  1.5370E-01  3.2737E+00 -3.4034E-02
  4.4906E+02  1.5234E-01  3.2732E+00 -2.9974E-02
  4.4996E+02  1.4999E-01  3.2755E+00 -2.7611E-02
  4.5086E+02  1.4811E-01  3.2819E+00 -2.7352E-02
  4.5176E+02  1.4674E-01  3.2977E+00 -2.9819E-02
  4.5266E+02  1.4602E-01  3.3056E+00 -3.2158E-02
  4.5356E+02  1.4760E-01  3.3053E+00 -3.3329E-02
  4.5446E+02  1.4760E-01  3.3043E+00 -3.3120E-02
  4.5536E+02  1.4829E-01  3.3048E+00 -3.3469E-02
  4.5626E+02  1.4691E-01  3.3051E+00 -3.4102E-02
  4.5716E+02  1.4499E-01  3.3022E+00 -3.3218E-02
  4.5805E+02  1.4464E-01  3.2984E+00 -3.3342E-02
  4.5895E+02  1.4584E-01  3.2974E+00 -3.4306E-02
  4.5985E+02  1.4590E-01  3.2998E+00 -3.4599E-02
  4.6075E+02  1.4718E-01  3.3031E+00 -3.3809E-02
  4.6165E+02  1.4801E-01  3.3151E+00 -3.1227E-02
  4.6255E+02  1.4748E-01  3.3297E+00 -2.7234E-02
  4.6345E+02  1.5008E-01  3.3501E+00 -2.3027E-02
  4.6435E+02  1.5311E-01  3.3643E+00 -1.7574E-02
  4.6525E+02  1.5339E-01  3.3656E+00 -1.2448E-02
  4.6615E+02  1.5275E-01  3.3544E+00 -9.4848E-03
  4.6701E+02  1.5347E-01  3.3422E+00 -8.7517E-03
  4.6790E+02  1.5492E-01  3.3370E+00 -1.0775E-02
  4.6879E+02  1.5470E-01  3.3358E+00 -1.3359E-02
  4.6968E+02  1.5346E-01  3.3404E+00 -1.5757E-02
  4.7057E+02  1.5399E-01  3.3544E+00 -1.5411E-02
  4.7145E+02  1.5354E-01  3.3628E+00 -1.3735E-02
  4.7234E+02  1.5341E-01  3.3655E+00 -1.3406E-02
  4.7323E+02  1.5353E-01  3.3609E+00 -1.2759E-02
  4.7412E+02  1.5576E-01  3.3516E+00 -9.8001E-03
  4.7501E+02  1.5479E-01  3.3421E+00 -7.8428E-03
  4.7590E+02  1.5340E-01  3.3341E+00 -9.0301E-03
  4.7678E+02  1.5296E-01  3.3284E+00 -9.5109E-03
  4.7767E+02  1.5169E-01  3.3239E+00 -8.1816E-03
  4.7856E+02  1.5185E-01  3.3137E+00 -6.4676E-03
  4.7945E+02  1.5264E-01  3.3050E+00 -4.6040E-03
  4.8034E+02  1.5287E-01  3.2989E+00 -4.4212E-03
  4.8123E+02  1.5345E-01  3.3055E+00 -6.8036E-03
  4.8211E+02  1.5446E-01  3.3190E+00 -8.5914E-03
  4.8300E+02  1.5416E-01  3.3329E+00 -1.0845E-02
  4.8389E+02  1.5176E-01  3.3359E+00 -1.4189E-02
  4.8478E+02  1.5027E-01  3.3269E+00 -1.4483E-02
  4.8567E+02  1.4856E-01  3.3177E+00 -1.5483E-02
  4.8656E+02  1.4629E-01  3.3121E+00 -1.9308E-02
  4.8744E+02  1.4491E-01  3.3074E+00 -2.3590E-02
  4.8833E+02  1.4543E-01  3.3001E+00 -2.7806E-02
  4.8922E+02  1.4917E-01  3.2875E+00 -3.1653E-02
  4.9011E+02  1.4979E-01  3.2658E+00 -3.4686E-02
  4.9100E+02  1.4659E-01  3.2482E+00 -3.7439E-02
  4.9189E+02  1.4524E-01  3.2279E+00 -3.7743E-02
  4.9277E+02  1.4278E-01  3.2100E+00 -3.5954E-02
  4.9366E+02  1.4101E-01  3.2001E+00 -3.3332E-02
  4.9455E+02  1.3845E-01  3.1945E+00 -2.9802E-02
  4.9544E+02  1.3815E-01  3.2006E+00 -2.5393E-02
  4.9633E+02  1.3883E-01  3.2108E+00 -2.0911E-02
  4.9722E+02  1.3968E-01  3.2266E+00 -1.6177E-02
  4.9810E+02  1.4108E-01  3.2446E+00 -1.4833E-02
  4.9899E+02  1.4204E-01  3.2656E+00 -1.3397E-02
  4.9988E+02  1.4353E-01  3.2812E+00 -1.0001E-02
  5.0077E+02  1.4534E-01  3.2908E+00 -7.9749E-03
  5.0166E+02  1.4595E-01  3.3026E+00 -6.0469E-03
  5.0255E+02  1.4661E-01  3.3202E+00 -6.0446E-03
  5.0343E+02  1.4830E-01  3.3404E+00 -5.7413E-03
  5.0432E+02  1.4994E-01  3.3674E+00 -4.3238E-03
  5.0521E+02  1.5132E-01  3.3926E+00  1.1158E-04
  5.0610E+02  1.5241E-01  3.4112E+00  5.6283E-03
  5.0699E+02  1.5359E-01  3.4265E+00  1.1627E-02
  5.0788E+02  1.5416E-01  3.4346E+00  1.4143E-02
  5.0876E+02  1.5373E-01  3.4413E+00  1.4370E-02
  5.0965E+02  1.5355E-01  3.4474E+00  1.2722E-02
  5.1054E+02  1.5387E-01  3.4548E+00  1.0793E-02
  5.1143E+02  1.5608E-01  3.4661E+00  7.5199E-03
  5.1232E+02  1.5568E-01  3.4754E+00  3.9597E-03
  5.1321E+02  1.5625E-01  3.4827E+00  2.2766E-03
  5.1409E+02  1.5657E-01  3.4963E+00  1.7847E-03
  5.1498E+02  1.5799E-01  3.5160E+00  1.1318E-03
  5.1587E+02  1.5852E-01  3.5387E+00 -8.6760E-05
  5.1676E+02  1.5851E-01  3.5506E+00 -1.0365E-03
  5.1765E+02  1.5829E-01  3.5526E+00 -3.2109E-03
  5.1854E+02  1.5928E-01  3.5482E+00 -5.5575E-03
  5.1942E+02  1.6033E-01  3.5504E+00 -7.1866E-03
  5.2031E+02  1.6041E-01  3.5638E+00 -7.9805E-03
  5.2120E+02  1.6014E-01  3.5880E+00 -1.0359E-02
  5.2209E+02  1.6050E-01  3.6230E+00 -1.4437E-02
  5.2298E+02  1.6115E-01  3.6480E+00 -1.8140E-02
  5.2387E+02  1.6252E-01  3.6675E+00 -2.0032E-02
  5.2475E+02  1.6454E-01  3.6875E+00 -2.0614E-02
  5.2564E+02  1.6497E-01  3.7051E+00 -2.1820E-02
  5.2653E+02  1.6611E-01  3.7229E+00 -2.3186E-02
  5.2742E+02  1.6836E-01  3.7444E+00 -2.4432E-02
  5.2831E+02  1.7010E-01  3.7665E+00 -2.4772E-02
  5.2920E+02  1.7208E-01  3.7872E+00 -2.4056E-02
  5.3008E+02  1.7292E-01  3.8034E+00 -2.5594E-02
  5.3097E+02  1.7341E-01  3.8209E+00 -2.7065E-02
  5.3186E+02  1.7363E-01  3.8332E+00 -2.7154E-02
  5.3275E+02  1.7296E-01  3.8350E+00 -2.5647E-02
  5.3364E+02  1.7139E-01  3.8479E+00 -2.7969E-02
  5.3453E+02  1.7075E-01  3.8733E+00 -3.0629E-02
  5.3541E+02  1.7181E-01  3.9045E+00 -3.1940E-02
  5.3630E+02  1.7247E-01  3.9271E+00 -3.0225E-02
  5.3719E+02  1.7232E-01  3.9332E+00 -2.6249E-02
  5.3807E+02  1.7261E-01  3.9275E+00 -2.1068E-02
  5.3893E+02  1.7493E-01  3.9105E+00 -1.5534E-02
  5.3981E+02  1.7631E-01  3.8931E+00 -9.2384E-03
  5.4069E+02  1.7558E-01  3.8723E+00 -4.7765E-03
  5.4157E+02  1.7538E-01  3.8397E+00 -2.0558E-03
  5.4244E+02  1.7365E-01  3.7954E+00 -1.5319E-03
  5.4332E+02  1.7151E-01  3.7520E+00  8.3157E-04
  5.4420E+02  1.6906E-01  3.7143E+00  4.5202E-03
  5.4507E+02  1.6817E-01  3.6840E+00  8.3513E-03
  5.4595E+02  1.6739E-01  3.6598E+00  8.7141E-03
  5.4683E+02  1.6510E-01  3.6395E+00  4.8208E-03
  5.4771E+02  1.6297E-01  3.6290E+00  1.7011E-03
  5.4858E+02  1.6140E-01  3.6221E+00 -4.5959E-04
  5.4946E+02  1.6131E-01  3.6075E+00 -3.2930E-03
  5.5034E+02  1.6064E-01  3.5866E+00 -3.8580E-03
  5.5122E+02  1.6068E-01  3.5615E+00 -3.7485E-03
  5.5209E+02  1.5957E-01  3.5364E+00 -4.6800E-03
  5.5297E+02  1.5664E-01  3.5239E+00 -7.5644E-03
  5.5385E+02  1.5577E-01  3.5129E+00 -1.0553E-02
  5.5473E+02  1.5870E-01  3.5039E+00 -1.1640E-02
  5.5560E+02  1.6153E-01  3.5004E+00 -1.1012E-02
  5.5648E+02  1.6103E-01  3.4955E+00 -9.7580E-03
  5.5736E+02  1.6165E-01  3.4908E+00 -7.9158E-03
  5.5823E+02  1.6209E-01  3.4755E+00 -4.2113E-03
  5.5911E+02  1.6086E-01  3.4571E+00  3.8343E-04
  5.5999E+02  1.5874E-01  3.4405E+00  4.3120E-03
  5.6087E+02  1.5689E-01  3.4253E+00  6.1603E-03
  5.6174E+02  1.5573E-01  3.4116E+00  7.9785E-03
  5.6262E+02  1.5290E-01  3.4069E+00  9.9305E-03
  5.6350E+02  1.4955E-01  3.4131E+00  1.2541E-02
  5.6438E+02  1.4752E-01  3.4235E+00  1.5086E-02
  5.6525E+02  1.4538E-01  3.4280E+00  1.7060E-02
  5.6613E+02  1.4572E-01  3.4270E+00  1.8037E-02
  5.6701E+02  1.4708E-01  3.4202E+00  1.7893E-02
  5.6789E+02  1.4788E-01  3.4101E+00  1.5421E-02
  5.6876E+02  1.4766E-01  3.4039E+00  1.3543E-02
  5.6964E+02  1.4805E-01  3.4050E+00  1.3304E-02
  5.7052E+02  1.4883E-01  3.4095E+00  1.6457E-02
  5.7139E+02  1.5110E-01  3.4099E+00  1.9124E-02
  5.7227E+02  1.5156E-01  3.4092E+00  2.0339E-02
  5.7315E+02  1.5450E-01  3.4115E+00  1.9054E-02
  5.7403E+02  1.5453E-01  3.4100E+00  1.5603E-02
  5.7490E+02  1.5401E-01  3.4016E+00  1.4263E-02
  5.7578E+02  1.5442E-01  3.3869E+00  1.1481E-02
  5.7666E+02  1.5273E-01  3.3790E+00  9.7707E-03
  5.7754E+02  1.5200E-01  3.3846E+00  9.1778E-03
  5.7841E+02  1.5280E-01  3.4006E+00  1.0006E-02
  5.7929E+02  1.5357E-01  3.4196E+00  1.4024E-02
  5.8017E+02  1.5451E-01  3.4322E+00  1.7124E-02
  5.8105E+02  1.5437E-01  3.4269E+00  1.8164E-02
  5.8192E+02  1.5547E-01  3.4143E+00  1.5648E-02
  5.8280E+02  1.5579E-01  3.3980E+00  1.1812E-02
  5.8368E+02  1.5418E-01  3.3812E+00  6.9112E-03
  5.8455E+02  1.5337E-01  3.3636E+00  5.8734E-03
  5.8543E+02  1.5263E-01  3.3422E+00  6.4572E-03
  5.8631E+02  1.5209E-01  3.3255E+00  4.9403E-03
  5.8719E+02  1.5095E-01  3.3125E+00  3.8995E-03
  5.8806E+02  1.5071E-01  3.3036E+00  4.1903E-03
  5.8894E+02  1.5203E-01  3.3020E+00  2.3002E-03
  5.8982E+02  1.5339E-01  3.3029E+00 -1.2958E-03
  5.9070E+02  1.5561E-01  3.2999E+00 -2.7077E-03
  5.9157E+02  1.5523E-01  3.2934E+00 -3.1056E-03
  5.9245E+02  1.5256E-01  3.2919E+00 -2.1002E-03
  5.9333E+02  1.5122E-01  3.2950E+00 -2.2610E-03
  5.9421E+02  1.5065E-01  3.3030E+00 -5.3491E-03
  5.9508E+02  1.5129E-01  3.3040E+00 -6.2742E-03
  5.9596E+02  1.5246E-01  3.3006E+00 -3.5083E-03
  5.9684E+02  1.5221E-01  3.2956E+00 -1.6664E-03
  5.9771E+02  1.4998E-01  3.2897E+00 -6.1064E-05
  5.9859E+02  1.5265E-01  3.2746E+00  1.8301E-04
  5.9947E+02  1.5492E-01  3.2510E+00  2.2168E-03
  6.0035E+02  1.5588E-01  3.2329E+00  3.7235E-03
  6.0122E+02  1.5658E-01  3.2266E+00  4.7257E-03
  6.0210E+02  1.5349E-01  3.2241E+00  6.1577E-03
  6.0298E+02  1.5136E-01  3.2209E+00  7.2309E-03
  6.0386E+02  1.4964E-01  3.2238E+00  7.7552E-03
  6.0473E+02  1.4931E-01  3.2281E+00  5.5836E-03
  6.0561E+02  1.5042E-01  3.2233E+00  4.0876E-03
  6.0649E+02  1.5256E-01  3.2095E+00  3.0836E-03
  6.0737E+02  1.5177E-01  3.1972E+00  5.4287E-03
  6.0824E+02  1.5176E-01  3.1904E+00  7.9492E-03
  6.0912E+02  1.5061E-01  3.1923E+00  8.7896E-03
  6.1000E+02  1.5022E-01  3.1995E+00  9.8557E-03
  6.1087E+02  1.5037E-01  3.2140E+00  1.1243E-02
  6.1175E+02  1.4994E-01  3.2355E+00  1.2200E-02
  6.1263E+02  1.4827E-01  3.2616E+00  1.2572E-02
  6.1351E+02  1.4826E-01  3.2885E+00  1.2725E-02
  6.1438E+02  1.4880E-01  3.3101E+00  1.3314E-02
  6.1526E+02  1.4963E-01  3.3280E+00  1.5475E-02
  6.1614E+02  1.5152E-01  3.3441E+00  1.6074E-02
  6.1702E+02  1.5421E-01  3.3609E+00  1.4249E-02
  6.1789E+02  1.5449E-01  3.3697E+00  1.2848E-02
  6.1877E+02  1.5523E-01  3.3751E+00  1.2196E-02
  6.1965E+02  1.5552E-01  3.3894E+00  1.2964E-02
  6.2053E+02  1.5549E-01  3.4030E+00  1.3622E-02
  6.2140E+02  1.5562E-01  3.4204E+00  1.4130E-02
  6.2228E+02  1.5511E-01  3.4499E+00  1.7217E-02
  6.2316E+02  1.5531E-01  3.4902E+00  1.9952E-02
  6.2403E+02  1.5382E-01  3.5221E+00  2.1502E-02
  6.2491E+02  1.5340E-01  3.5478E+00  2.2484E-02
  6.2579E+02  1.5403E-01  3.5751E+00  2.5257E-02
  6.2667E+02  1.5561E-01  3.6006E+00  2.6061E-02
  6.2754E+02  1.5682E-01  3.6206E+00  2.5855E-02
  6.2842E+02  1.5766E-01  3.6381E+00  2.4989E-02
  6.2930E+02  1.5882E-01  3.6539E+00  2.4481E-02
  6.3018E+02  1.6091E-01  3.6681E+00  2.3891E-02
  6.3105E+02  1.6138E-01  3.6783E+00  2.3078E-02
  6.3193E+02  1.6212E-01  3.6900E+00  2.1030E-02
  6.3281E+02  1.6469E-01  3.7012E+00  1.6961E-02
  6.3369E+02  1.6658E-01  3.7048E+00  1.2555E-02
  6.3456E+02  1.6722E-01  3.6991E+00  7.6629E-03
  6.3544E+02  1.6735E-01  3.6876E+00  6.7116E-03
  6.3632E+02  1.6619E-01  3.6729E+00  8.5390E-03
  6.3719E+02  1.6580E-01  3.6565E+00  8.0535E-03
  6.3807E+02  1.6633E-01  3.6459E+00  7.0058E-03
  6.3895E+02  1.6698E-01  3.6370E+00  6.1449E-03
  6.3983E+02  1.6819E-01  3.6332E+00  7.5744E-03
  6.4070E+02  1.6805E-01  3.6265E+00  1.0224E-02
  6.4158E+02  1.6896E-01  3.6260E+00  9.6135E-03
  6.4246E+02  1.6653E-01  3.6248E+00  7.5427E-03
  6.4334E+02  1.6619E-01  3.6232E+00  4.6247E-03
  6.4421E+02  1.6402E-01  3.6231E+00  8.6395E-04
  6.4509E+02  1.6240E-01  3.6296E+00 -4.2812E-03
  6.4597E+02  1.5962E-01  3.6353E+00 -9.6108E-03
  6.4685E+02  1.5884E-01  3.6437E+00 -1.1962E-02
  6.4772E+02  1.5880E-01  3.6494E+00 -1.3231E-02
  6.4860E+02  1.6051E-01  3.6528E+00 -1.7083E-02
  6.4948E+02  1.6322E-01  3.6569E+00 -1.8093E-02
  6.5035E+02  1.6528E-01  3.6588E+00 -1.8452E-02
  6.5123E+02  1.6774E-01  3.6701E+00 -2.0971E-02
  6.5211E+02  1.6967E-01  3.6845E+00 -2.5031E-02
  6.5299E+02  1.6890E-01  3.7061E+00 -2.5490E-02
  6.5386E+02  1.6858E-01  3.7206E+00 -2.4577E-02
  6.5474E+02  1.6754E-01  3.7181E+00 -2.2642E-02
  6.5558E+02  1.6496E-01  3.7109E+00 -2.1456E-02
  6.5645E+02  1.6568E-01  3.7111E+00 -2.2539E-02
  6.5733E+02  1.6579E-01  3.7172E+00 -2.3767E-02
  6.5822E+02  1.6688E-01  3.7201E+00 -2.2122E-02
  6.5911E+02  1.7050E-01  3.7176E+00 -2.1388E-02
  6.5999E+02  1.7279E-01  3.7129E+00 -2.2132E-02
  6.6088E+02  1.7339E-01  3.7064E+00 -2.3693E-02
  6.6177E+02  1.7335E-01  3.7004E+00 -2.6511E-02
  6.6266E+02  1.7156E-01  3.6925E+00 -2.9968E-02
  6.6354E+02  1.7014E-01  3.6935E+00 -3.3376E-02
  6.6443E+02  1.6995E-01  3.6957E+00 -3.2841E-02
  6.6532E+02  1.6936E-01  3.6952E+00 -2.7613E-02
  6.6620E+02  1.7082E-01  3.6994E+00 -2.3096E-02
  6.6709E+02  1.7231E-01  3.7080E+00 -2.1340E-02
  6.6798E+02  1.7351E-01  3.7173E+00 -1.9586E-02
  6.6887E+02  1.7317E-01  3.7274E+00 -1.8098E-02
  6.6975E+02  1.7241E-01  3.7459E+00 -1.6941E-02
  6.7064E+02  1.7121E-01  3.7637E+00 -1.8832E-02
  6.7153E+02  1.7150E-01  3.7728E+00 -2.2202E-02
  6.7241E+02  1.7324E-01  3.7692E+00 -2.5492E-02
  6.7330E+02  1.7325E-01  3.7641E+00 -2.5694E-02
  6.7419E+02  1.7451E-01  3.7716E+00 -2.4549E-02
  6.7508E+02  1.7493E-01  3.7925E+00 -2.2301E-02
  6.7596E+02  1.7574E-01  3.8191E+00 -1.7292E-02
  6.7685E+02  1.7307E-01  3.8390E+00 -1.1856E-02
  6.7774E+02  1.7298E-01  3.8440E+00 -6.2750E-03
  6.7862E+02  1.7435E-01  3.8435E+00 -3.4110E-03
  6.7951E+02  1.7535E-01  3.8485E+00 -8.7168E-04
  6.8040E+02  1.7678E-01  3.8594E+00  8.8850E-04
  6.8128E+02  1.7864E-01  3.8710E+00  1.6918E-03
  6.8217E+02  1.8137E-01  3.8790E+00  1.8005E-03
  6.8306E+02  1.8213E-01  3.8798E+00  2.8685E-03
  6.8395E+02  1.8115E-01  3.8806E+00  1.7180E-03
  6.8483E+02  1.8214E-01  3.8754E+00 -2.1359E-03
  6.8572E+02  1.8395E-01  3.8704E+00 -6.4772E-03
  6.8661E+02  1.8571E-01  3.8707E+00 -7.6372E-03
  6.8749E+02  1.8452E-01  3.8759E+00 -7.4554E-03
  6.8838E+02  1.8131E-01  3.8746E+00 -8.7814E-03
  6.8927E+02  1.7833E-01  3.8641E+00 -1.1381E-02
  6.9016E+02  1.7557E-01  3.8447E+00 -1.3769E-02
  6.9104E+02  1.7517E-01  3.8278E+00 -1.6701E-02
  6.9193E+02  1.7662E-01  3.8211E+00 -1.8374E-02
  6.9282E+02  1.7810E-01  3.8201E+00 -1.9167E-02
  6.9370E+02  1.7999E-01  3.8092E+00 -1.8186E-02
  6.9459E+02  1.7834E-01  3.7884E+00 -1.8898E-02
  6.9548E+02  1.7694E-01  3.7645E+00 -2.0827E-02
  6.9636E+02  1.7803E-01  3.7423E+00 -2.0740E-02
  6.9725E+02  1.7937E-01  3.7226E+00 -1.7204E-02
  6.9814E+02  1.7953E-01  3.7098E+00 -1.1532E-02
  6.9903E+02  1.7966E-01  3.6999E+00 -8.2243E-03
  6.9991E+02  1.8052E-01  3.6837E+00 -5.4742E-03
  7.0080E+02  1.8201E-01  3.6620E+00 -3.9585E-03
  7.0169E+02  1.8084E-01  3.6395E+00 -3.1376E-03
  7.0257E+02  1.7920E-01  3.6195E+00 -9.1094E-04
  7.0346E+02  1.7708E-01  3.6038E+00  7.4969E-04
  7.0435E+02  1.7553E-01  3.5851E+00  1.8271E-03
  7.0524E+02  1.7339E-01  3.5670E+00  2.7551E-03
  7.0612E+02  1.7144E-01  3.5506E+00  1.7357E-03
  7.0701E+02  1.6870E-01  3.5288E+00  1.2309E-03
  7.0790E+02  1.6851E-01  3.5021E+00  1.6338E-03
  7.0878E+02  1.6803E-01  3.4778E+00  4.1093E-03
  7.0967E+02  1.6729E-01  3.4584E+00  1.1926E-02
  7.1056E+02  1.6603E-01  3.4487E+00  1.9832E-02
  7.1144E+02  1.6396E-01  3.4414E+00  2.2515E-02
  7.1233E+02  1.6214E-01  3.4360E+00  2.3560E-02
  7.1322E+02  1.6332E-01  3.4384E+00  2.2437E-02
  7.1411E+02  1.6371E-01  3.4347E+00  2.0286E-02
  7.1499E+02  1.6164E-01  3.4184E+00  1.6469E-02
  7.1588E+02  1.6044E-01  3.3857E+00  1.3573E-02
  7.1677E+02  1.6013E-01  3.3569E+00  1.0868E-02
  7.1765E+02  1.6011E-01  3.3359E+00  7.9304E-03
  7.1854E+02  1.5958E-01  3.3255E+00  5.2105E-03
  7.1943E+02  1.6011E-01  3.3222E+00  3.4093E-03
  7.2032E+02  1.6147E-01  3.3247E+00  3.3203E-03
  7.2120E+02  1.6370E-01  3.3225E+00  7.9391E-03
  7.2209E+02  1.6394E-01  3.3211E+00  1.1327E-02
  7.2298E+02  1.6154E-01  3.3167E+00  1.3714E-02
  7.2386E+02  1.5704E-01  3.3197E+00  1.5360E-02
  7.2475E+02  1.5634E-01  3.3252E+00  1.8018E-02
  7.2564E+02  1.5471E-01  3.3305E+00  1.9821E-02
  7.2652E+02  1.5443E-01  3.3359E+00  1.6698E-02
  7.2741E+02  1.5562E-01  3.3421E+00  9.8192E-03
  7.2830E+02  1.5573E-01  3.3452E+00  5.6650E-03
  7.2919E+02  1.5699E-01  3.3517E+00  4.5349E-03
  7.3007E+02  1.5589E-01  3.3612E+00  3.8183E-03
  7.3096E+02  1.5421E-01  3.3649E+00  3.1509E-03
  7.3185E+02  1.5155E-01  3.3595E+00  2.1972E-03
  7.3273E+02  1.5100E-01  3.3447E+00  2.5223E-03
  7.3362E+02  1.4995E-01  3.3345E+00  2.7488E-04
  7.3451E+02  1.4827E-01  3.3294E+00 -2.2593E-03
  7.3540E+02  1.4848E-01  3.3326E+00 -4.2591E-03
  7.3628E+02  1.4767E-01  3.3387E+00 -7.8391E-03
  7.3717E+02  1.4966E-01  3.3458E+00 -1.0262E-02
  7.3806E+02  1.5167E-01  3.3489E+00 -1.3977E-02
  7.3894E+02  1.5278E-01  3.3582E+00 -1.6870E-02
  7.3983E+02  1.5470E-01  3.3700E+00 -1.6835E-02
  7.4072E+02  1.5613E-01  3.3814E+00 -1.6616E-02
  7.4160E+02  1.5779E-01  3.3908E+00 -1.6097E-02
  7.4249E+02  1.5769E-01  3.4061E+00 -1.4682E-02
  7.4338E+02  1.5730E-01  3.4227E+00 -1.1685E-02
  7.4427E+02  1.5845E-01  3.4460E+00 -1.2022E-02
  7.4515E+02  1.6058E-01  3.4591E+00 -1.4905E-02
  7.4604E+02  1.6205E-01  3.4603E+00 -1.7925E-02
  7.4693E+02  1.6407E-01  3.4568E+00 -1.8652E-02
  7.4781E+02  1.6553E-01  3.4461E+00 -1.8944E-02
  7.4870E+02  1.6648E-01  3.4410E+00 -2.0682E-02
  7.4959E+02  1.6730E-01  3.4397E+00 -2.2190E-02
  7.5048E+02  1.6633E-01  3.4377E+00 -2.3019E-02
  7.5136E+02  1.6525E-01  3.4370E+00 -2.2120E-02
  7.5225E+02  1.6450E-01  3.4329E+00 -2.1413E-02
  7.5314E+02  1.6349E-01  3.4330E+00 -2.2760E-02
  7.5402E+02  1.6393E-01  3.4348E+00 -2.4234E-02
  7.5491E+02  1.6254E-01  3.4378E+00 -2.6114E-02
  7.5580E+02  1.6021E-01  3.4363E+00 -2.6761E-02
  7.5668E+02  1.5943E-01  3.4335E+00 -2.6105E-02
  7.5757E+02  1.5674E-01  3.4264E+00 -2.2861E-02
  7.5846E+02  1.5589E-01  3.4152E+00 -1.9182E-02
  7.5935E+02  1.5679E-01  3.4063E+00 -1.6495E-02
  7.6023E+02  1.5836E-01  3.4055E+00 -1.6351E-02
  7.6112E+02  1.5972E-01  3.4060E+00 -1.3994E-02
  7.6201E+02  1.5947E-01  3.4038E+00 -1.2131E-02
  7.6289E+02  1.5898E-01  3.3997E+00 -1.1172E-02
  7.6378E+02  1.5998E-01  3.3996E+00 -8.6884E-03
  7.6467E+02  1.5991E-01  3.4050E+00 -3.9503E-03
  7.6556E+02  1.6036E-01  3.4182E+00  5.9593E-04
  7.6644E+02  1.6217E-01  3.4331E+00  2.9492E-03
  7.6733E+02  1.6310E-01  3.4503E+00  5.6894E-03
  7.6822E+02  1.6187E-01  3.4669E+00  7.2445E-03
  7.6910E+02  1.6083E-01  3.4845E+00  5.8114E-03
  7.6999E+02  1.5952E-01  3.4980E+00  4.5442E-03
  7.7088E+02  1.5904E-01  3.5060E+00  5.7155E-03
  7.7176E+02  1.5837E-01  3.5124E+00  5.6304E-03
  7.7265E+02  1.5788E-01  3.5186E+00  5.5775E-03
  7.7354E+02  1.5961E-01  3.5361E+00  4.4065E-03
  7.7443E+02  1.6135E-01  3.5516E+00  4.5596E-03
  7.7531E+02  1.6129E-01  3.5676E+00  4.4216E-03
  7.7620E+02  1.6072E-01  3.5773E+00  5.3207E-03
  7.7709E+02  1.6082E-01  3.5805E+00  6.3075E-03
  7.7797E+02  1.6279E-01  3.5894E+00  5.2901E-03
  7.7886E+02  1.6387E-01  3.6055E+00  2.9894E-03
  7.7975E+02  1.6481E-01  3.6223E+00  2.8613E-03
  7.8064E+02  1.6705E-01  3.6424E+00  1.7850E-03
  7.8152E+02  1.6653E-01  3.6693E+00  1.7990E-03
  7.8241E+02  1.6548E-01  3.6995E+00  4.2882E-03
  7.8330E+02  1.6495E-01  3.7306E+00  7.1407E-03
  7.8418E+02  1.6582E-01  3.7626E+00  9.2169E-03
  7.8507E+02  1.6763E-01  3.7812E+00  1.0824E-02
  7.8596E+02  1.6708E-01  3.7891E+00  1.2761E-02
  7.8684E+02  1.6857E-01  3.7951E+00  1.5465E-02
  7.8773E+02  1.7123E-01  3.8050E+00  1.6146E-02
  7.8862E+02  1.7151E-01  3.8188E+00  1.6686E-02
  7.8951E+02  1.6983E-01  3.8362E+00  1.8743E-02
  7.9039E+02  1.7087E-01  3.8538E+00  2.0937E-02
  7.9128E+02  1.7244E-01  3.8719E+00  2.1284E-02
  7.9217E+02  1.7562E-01  3.8985E+00  1.9540E-02
  7.9305E+02  1.7874E-01  3.9302E+00  1.8764E-02
  7.9394E+02  1.8107E-01  3.9603E+00  1.9183E-02
  7.9483E+02  1.8320E-01  3.9828E+00  1.8275E-02
  7.9572E+02  1.8429E-01  3.9900E+00  2.0859E-02
  7.9660E+02  1.8715E-01  3.9918E+00  2.4494E-02
  7.9749E+02  1.8838E-01  3.9945E+00  2.4382E-02
  7.9838E+02  1.8796E-01  3.9998E+00  2.2806E-02
  7.9926E+02  1.8599E-01  4.0030E+00  2.2791E-02
  8.0015E+02  1.8474E-01  4.0042E+00  2.3246E-02
  8.0104E+02  1.8300E-01  3.9913E+00  2.4405E-02
  8.0192E+02  1.8375E-01  3.9676E+00  2.5293E-02
  8.0281E+02  1.8198E-01  3.9497E+00  2.5485E-02
  8.0370E+02  1.7951E-01  3.9388E+00  2.4435E-02
  8.0459E+02  1.7636E-01  3.9361E+00  2.0013E-02
  8.0547E+02  1.7813E-01  3.9342E+00  1.5637E-02
  8.0636E+02  1.7960E-01  3.9290E+00  1.7468E-02
  8.0725E+02  1.8161E-01  3.9194E+00  1.9448E-02
  8.0813E+02  1.8195E-01  3.9110E+00  2.0125E-02
  8.0902E+02  1.7866E-01  3.9022E+00  1.9330E-02
  8.0991E+02  1.7774E-01  3.8972E+00  1.9296E-02
  8.1080E+02  1.7797E-01  3.8893E+00  2.0339E-02
  8.1168E+02  1.7612E-01  3.8698E+00  2.0669E-02
  8.1257E+02  1.7570E-01  3.8468E+00  1.8146E-02
  8.1346E+02  1.7662E-01  3.8335E+00  1.6638E-02
  8.1434E+02  1.7850E-01  3.8181E+00  1.5682E-02
  8.1523E+02  1.7934E-01  3.8057E+00  1.7449E-02
  8.1612E+02  1.7697E-01  3.8022E+00  2.3436E-02
  8.1700E+02  1.7401E-01  3.8013E+00  3.2189E-02
  8.1789E+02  1.7124E-01  3.8007E+00  4.1258E-02
  8.1878E+02  1.7008E-01  3.7954E+00  4.8145E-02
  8.1967E+02  1.7006E-01  3.7859E+00  5.1902E-02
  8.2055E+02  1.7147E-01  3.7779E+00  4.9661E-02
  8.2144E+02  1.7159E-01  3.7716E+00  4.3591E-02
  8.2233E+02  1.7182E-01  3.7736E+00  4.1778E-02
  8.2321E+02  1.7119E-01  3.7780E+00  4.1828E-02
  8.2410E+02  1.7029E-01  3.7784E+00  3.8947E-02
  8.2499E+02  1.6792E-01  3.7736E+00  3.1923E-02
  8.2588E+02  1.6688E-01  3.7689E+00  2.6433E-02
  8.2676E+02  1.6809E-01  3.7627E+00  2.3318E-02
  8.2765E+02  1.7059E-01  3.7661E+00  2.1952E-02
  8.2854E+02  1.7291E-01  3.7823E+00  2.1499E-02
  8.2942E+02  1.7408E-01  3.8114E+00  2.2906E-02
  8.3031E+02  1.7246E-01  3.8508E+00  2.1374E-02
  8.3120E+02  1.7265E-01  3.8853E+00  1.9379E-02
  8.3208E+02  1.7331E-01  3.9123E+00  1.7603E-02
  8.3297E+02  1.7321E-01  3.9298E+00  1.5643E-02
  8.3386E+02  1.7226E-01  3.9439E+00  1.3174E-02
  8.3475E+02  1.7357E-01  3.9533E+00  1.1292E-02
  8.3563E+02  1.7521E-01  3.9597E+00  1.2267E-02
  8.3652E+02  1.7532E-01  3.9681E+00  1.3890E-02
  8.3741E+02  1.7315E-01  3.9713E+00  1.2735E-02
  8.3829E+02  1.7239E-01  3.9700E+00  1.0371E-02
  8.3918E+02  1.7294E-01  3.9758E+00  9.4027E-03
  8.4007E+02  1.7341E-01  3.9844E+00  1.2122E-02
  8.4096E+02  1.7773E-01  3.9945E+00  1.2381E-02
  8.4184E+02  1.8114E-01  3.9919E+00  1.4758E-02
  8.4273E+02  1.8180E-01  3.9882E+00  1.7208E-02
  8.4362E+02  1.8268E-01  3.9794E+00  2.1402E-02
  8.4450E+02  1.8210E-01  3.9632E+00  2.4636E-02
  8.4539E+02  1.8237E-01  3.9474E+00  2.7127E-02
  8.4628E+02  1.8116E-01  3.9343E+00  2.8465E-02
  8.4716E+02  1.8015E-01  3.9230E+00  2.8661E-02
  8.4805E+02  1.8059E-01  3.9097E+00  2.8861E-02
  8.4894E+02  1.8112E-01  3.8871E+00  2.9299E-02
  8.4983E+02  1.7971E-01  3.8615E+00  2.7710E-02
  8.5071E+02  1.7971E-01  3.8450E+00  2.5834E-02
  8.5160E+02  1.7822E-01  3.8308E+00  2.2041E-02
  8.5249E+02  1.7778E-01  3.8133E+00  1.8425E-02
  8.5337E+02  1.7799E-01  3.7905E+00  1.6430E-02
  8.5426E+02  1.7643E-01  3.7710E+00  1.4427E-02
  8.5515E+02  1.7488E-01  3.7481E+00  1.4002E-02
  8.5604E+02  1.7409E-01  3.7219E+00  1.4083E-02
  8.5692E+02  1.7229E-01  3.7022E+00  1.2009E-02
  8.5781E+02  1.7194E-01  3.6921E+00  8.4320E-03
  8.5870E+02  1.7139E-01  3.6937E+00  7.4590E-03
  8.5958E+02  1.6983E-01  3.6921E+00  7.4040E-03
  8.6047E+02  1.6795E-01  3.6830E+00  8.2426E-03
  8.6136E+02  1.6796E-01  3.6665E+00  1.3764E-02
  8.6224E+02  1.6741E-01  3.6426E+00  1.8698E-02
  8.6313E+02  1.6711E-01  3.6144E+00  2.0946E-02
  8.6402E+02  1.6794E-01  3.5876E+00  1.9034E-02
  8.6491E+02  1.6577E-01  3.5667E+00  2.0272E-02
  8.6579E+02  1.6290E-01  3.5572E+00  2.1612E-02
  8.6668E+02  1.6119E-01  3.5494E+00  2.0308E-02
  8.6757E+02  1.6033E-01  3.5326E+00  1.5854E-02
  8.6845E+02  1.6000E-01  3.5194E+00  1.0538E-02
  8.6934E+02  1.5891E-01  3.5078E+00  9.1595E-03
  8.7023E+02  1.5733E-01  3.4948E+00  1.2639E-02
  8.7112E+02  1.5729E-01  3.4902E+00  1.5479E-02
  8.7200E+02  1.5726E-01  3.4902E+00  1.5297E-02
  8.7289E+02  1.5624E-01  3.4950E+00  1.4895E-02
  8.7378E+02  1.5525E-01  3.5036E+00  1.1720E-02
  8.7466E+02  1.5657E-01  3.5132E+00  5.1942E-03
  8.7555E+02  1.5819E-01  3.5232E+00  9.6796E-04
  8.7644E+02  1.5862E-01  3.5305E+00 -2.5983E-03
  8.7733E+02  1.5744E-01  3.5436E+00 -5.9577E-03
  8.7821E+02  1.5861E-01  3.5588E+00 -5.9747E-03
  8.7910E+02  1.5912E-01  3.5731E+00 -4.7094E-03
  8.7999E+02  1.5913E-01  3.5824E+00 -3.3283E-03
  8.8087E+02  1.5865E-01  3.5889E+00 -3.1301E-03
  8.8176E+02  1.5807E-01  3.6015E+00 -4.1722E-03
  8.8265E+02  1.5904E-01  3.6189E+00 -7.8454E-03
  8.8353E+02  1.6137E-01  3.6334E+00 -1.2780E-02
  8.8442E+02  1.6435E-01  3.6465E+00 -1.5072E-02
  8.8531E+02  1.6614E-01  3.6603E+00 -1.7031E-02
  8.8620E+02  1.6722E-01  3.6667E+00 -1.7940E-02
  8.8708E+02  1.6737E-01  3.6672E+00 -1.9495E-02
  8.8797E+02  1.6971E-01  3.6666E+00 -2.2753E-02
  8.8886E+02  1.6934E-01  3.6614E+00 -2.5348E-02
  8.8974E+02  1.6958E-01  3.6567E+00 -2.4787E-02
  8.9063E+02  1.6865E-01  3.6496E+00 -2.3044E-02
  8.9152E+02  1.6689E-01  3.6340E+00 -2.2421E-02
  8.9241E+02  1.6606E-01  3.6203E+00 -2.3699E-02
  8.9329E+02  1.6270E-01  3.6085E+00 -2.6720E-02
  8.9418E+02  1.6191E-01  3.6050E+00 -2.9169E-02
  8.9507E+02  1.6215E-01  3.6062E+00 -3.1269E-02
  8.9595E+02  1.6247E-01  3.6107E+00 -3.3434E-02
  8.9684E+02  1.6339E-01  3.6116E+00 -3.4128E-02
  8.9773E+02  1.6392E-01  3.6178E+00 -3.5135E-02
  8.9861E+02  1.6557E-01  3.6278E+00 -3.5196E-02
  8.9950E+02  1.6730E-01  3.6441E+00 -3.4746E-02
  9.0039E+02  1.7018E-01  3.6604E+00 -3.5866E-02
  9.0128E+02  1.7217E-01  3.6649E+00 -3.8587E-02
  9.0216E+02  1.7186E-01  3.6652E+00 -4.2248E-02
  9.0305E+02  1.7216E-01  3.6648E+00 -4.3658E-02
  9.0394E+02  1.7474E-01  3.6690E+00 -4.4175E-02
  9.0482E+02  1.7633E-01  3.6717E+00 -4.4789E-02
  9.0571E+02  1.7687E-01  3.6797E+00 -4.4182E-02
  9.0660E+02  1.7404E-01  3.6906E+00 -4.0200E-02
  9.0749E+02  1.7287E-01  3.6953E+00 -3.7512E-02
  9.0837E+02  1.7088E-01  3.7005E+00 -3.6101E-02
  9.0926E+02  1.7057E-01  3.7098E+00 -3.5024E-02
  9.1015E+02  1.7179E-01  3.7237E+00 -3.3088E-02
  9.1103E+02  1.7156E-01  3.7352E+00 -2.9347E-02
  9.1192E+02  1.7093E-01  3.7390E+00 -2.6188E-02
  9.1281E+02  1.7196E-01  3.7338E+00 -2.7091E-02
  9.1369E+02  1.7253E-01  3.7316E+00 -3.2181E-02
  9.1458E+02  1.7117E-01  3.7290E+00 -3.7129E-02
  9.1547E+02  1.7007E-01  3.7164E+00 -4.0665E-02
  9.1636E+02  1.7188E-01  3.6930E+00 -4.6675E-02
  9.1724E+02  1.7150E-01  3.6565E+00 -4.6358E-02
  9.1813E+02  1.6992E-01  3.6087E+00 -4.2230E-02
  9.1902E+02  1.6955E-01  3.5632E+00 -3.8332E-02
  9.1990E+02  1.6927E-01  3.5286E+00 -3.6026E-02
  9.2079E+02  1.6854E-01  3.5054E+00 -3.6495E-02
  9.2168E+02  1.6708E-01  3.4948E+00 -3.8204E-02
  9.2257E+02  1.6374E-01  3.4800E+00 -3.9594E-02
  9.2345E+02  1.6167E-01  3.4647E+00 -3.9818E-02
  9.2434E+02  1.6053E-01  3.4485E+00 -3.7569E-02
  9.2523E+02  1.5985E-01  3.4319E+00 -3.4537E-02
  9.2611E+02  1.5852E-01  3.4190E+00 -3.0413E-02
  9.2700E+02  1.5752E-01  3.4124E+00 -2.6102E-02
  9.2789E+02  1.5946E-01  3.4075E+00 -2.1778E-02
  9.2877E+02  1.6169E-01  3.4043E+00 -1.7879E-02
  9.2963E+02  1.6343E-01  3.4040E+00 -1.6345E-02
  9.3054E+02  1.6239E-01  3.4089E+00 -1.4253E-02
  9.3146E+02  1.6016E-01  3.4134E+00 -9.1440E-03
  9.3238E+02  1.5933E-01  3.4168E+00 -6.1626E-03
  9.3329E+02  1.5849E-01  3.4204E+00 -5.7676E-03
  9.3421E+02  1.5853E-01  3.4190E+00 -5.5311E-03
  9.3513E+02  1.6025E-01  3.4099E+00 -4.2355E-03
  9.3605E+02  1.5987E-01  3.4005E+00 -1.4734E-03
  9.3696E+02  1.5990E-01  3.3928E+00  4.9435E-04
  9.3788E+02  1.5812E-01  3.3892E+00  1.1185E-03
  9.3880E+02  1.5717E-01  3.3853E+00  3.1516E-03
  9.3971E+02  1.5714E-01  3.3752E+00  4.0139E-03
  9.4063E+02  1.5871E-01  3.3687E+00  5.0124E-03
  9.4155E+02  1.5801E-01  3.3615E+00  5.8316E-03
  9.4241E+02  1.5751E-01  3.3591E+00  7.2986E-03
  9.4329E+02  1.5657E-01  3.3640E+00  7.8305E-03
  9.4418E+02  1.5607E-01  3.3681E+00  7.2623E-03
  9.4508E+02  1.5671E-01  3.3725E+00  6.5726E-03
  9.4598E+02  1.5941E-01  3.3750E+00  4.9653E-03
  9.4687E+02  1.6070E-01  3.3742E+00  1.5730E-03
  9.4777E+02  1.6238E-01  3.3677E+00 -1.6744E-03
  9.4866E+02  1.6173E-01  3.3659E+00 -2.6699E-03
  9.4956E+02  1.6173E-01  3.3733E+00 -4.0657E-03
  9.5045E+02  1.6074E-01  3.3850E+00 -7.2798E-03
  9.5135E+02  1.6124E-01  3.3942E+00 -8.8205E-03
  9.5225E+02  1.5986E-01  3.3974E+00 -1.0932E-02
  9.5314E+02  1.6018E-01  3.3945E+00 -1.2280E-02
  9.5404E+02  1.5981E-01  3.3859E+00 -1.3563E-02
  9.5493E+02  1.5889E-01  3.3789E+00 -1.4139E-02
  9.5583E+02  1.5553E-01  3.3696E+00 -1.4170E-02
  9.5673E+02  1.5337E-01  3.3713E+00 -1.1395E-02
  9.5762E+02  1.5379E-01  3.3808E+00 -1.0486E-02
  9.5852E+02  1.5549E-01  3.3894E+00 -1.0722E-02
  9.5941E+02  1.5826E-01  3.3973E+00 -1.1507E-02
  9.6031E+02  1.6151E-01  3.4004E+00 -1.4418E-02
  9.6121E+02  1.6269E-01  3.4069E+00 -1.7306E-02
  9.6210E+02  1.6297E-01  3.4166E+00 -1.8194E-02
  9.6300E+02  1.6216E-01  3.4285E+00 -1.5649E-02
  9.6389E+02  1.6319E-01  3.4455E+00 -1.2042E-02
  9.6479E+02  1.6378E-01  3.4627E+00 -5.2090E-03
  9.6569E+02  1.6447E-01  3.4798E+00 -6.4595E-04
  9.6658E+02  1.6637E-01  3.4906E+00  2.2474E-03
  9.6748E+02  1.6958E-01  3.4985E+00  3.4846E-03
  9.6837E+02  1.7055E-01  3.4957E+00  3.2854E-03
  9.6927E+02  1.6976E-01  3.4938E+00  8.5331E-04
  9.7017E+02  1.6954E-01  3.4927E+00 -1.3592E-03
  9.7106E+02  1.6882E-01  3.4930E+00 -3.3033E-03
  9.7196E+02  1.6575E-01  3.4984E+00 -1.6406E-03
  9.7285E+02  1.6252E-01  3.5044E+00  4.1513E-03
  9.7375E+02  1.6081E-01  3.5050E+00  1.0497E-02
  9.7465E+02  1.6050E-01  3.5015E+00  1.1789E-02
  9.7554E+02  1.5949E-01  3.4904E+00  1.0719E-02
  9.7644E+02  1.6087E-01  3.4736E+00  9.3796E-03
  9.7733E+02  1.6249E-01  3.4686E+00  6.9967E-03
  9.7823E+02  1.6217E-01  3.4746E+00  2.6784E-03
  9.7912E+02  1.6258E-01  3.4807E+00 -5.6364E-04
  9.8002E+02  1.6311E-01  3.4754E+00  1.0416E-03
  9.8092E+02  1.6542E-01  3.4659E+00  3.5527E-03
  9.8181E+02  1.6619E-01  3.4526E+00  5.4659E-03
  9.8271E+02  1.6670E-01  3.4374E+00  7.8437E-03
  9.8360E+02  1.6583E-01  3.4185E+00  1.0689E-02
  9.8450E+02  1.6423E-01  3.3967E+00  1.1993E-02
  9.8540E+02  1.6045E-01  3.3766E+00  1.1428E-02
  9.8629E+02  1.5856E-01  3.3547E+00  8.3824E-03
  9.8719E+02  1.5841E-01  3.3352E+00  5.1337E-03
  9.8808E+02  1.5636E-01  3.3141E+00  6.8343E-04
  9.8898E+02  1.5305E-01  3.2867E+00 -3.2548E-03
  9.8988E+02  1.5203E-01  3.2601E+00 -4.0951E-03
  9.9077E+02  1.5052E-01  3.2455E+00 -2.6327E-03
  9.9167E+02  1.5015E-01  3.2357E+00  1.9713E-04
  9.9256E+02  1.5135E-01  3.2263E+00  4.6617E-03
  9.9337E+02  1.5007E-01  3.2172E+00  9.8912E-03
  9.9427E+02  1.4975E-01  3.2007E+00  1.4483E-02
  9.9511E+02  1.4924E-01  3.1832E+00  1.6801E-02
  9.9599E+02  1.4928E-01  3.1684E+00  2.1246E-02
  9.9688E+02  1.4923E-01  3.1608E+00  2.4930E-02
  9.9777E+02  1.5004E-01  3.1525E+00  3.0065E-02
  9.9866E+02  1.4974E-01  3.1445E+00  3.4080E-02
  9.9955E+02  1.4708E-01  3.1392E+00  3.6125E-02
  1.0004E+03  1.4543E-01  3.1265E+00  3.5989E-02
  1.0013E+03  1.4498E-01  3.1131E+00  3.5553E-02
  1.0022E+03  1.4437E-01  3.0979E+00  3.6091E-02
  1.0031E+03  1.4437E-01  3.0824E+00  3.6263E-02
  1.0040E+03  1.4430E-01  3.0685E+00  3.4039E-02
  1.0049E+03  1.4333E-01  3.0634E+00  3.0774E-02
  1.0058E+03  1.4488E-01  3.0685E+00  2.8805E-02
  1.0067E+03  1.4691E-01  3.0851E+00  2.5992E-02
  1.0076E+03  1.4708E-01  3.1011E+00  2.6688E-02
  1.0085E+03  1.4617E-01  3.1101E+00  2.8956E-02
  1.0093E+03  1.4479E-01  3.1195E+00  3.1855E-02
  1.0102E+03  1.4384E-01  3.1270E+00  3.0429E-02
  1.0111E+03  1.4474E-01  3.1285E+00  2.8856E-02
  1.0120E+03  1.4712E-01  3.1329E+00  2.8591E-02
  1.0129E+03  1.4808E-01  3.1392E+00  2.6428E-02
  1.0138E+03  1.4797E-01  3.1533E+00  2.4531E-02
  1.0147E+03  1.4915E-01  3.1715E+00  2.3344E-02
  1.0156E+03  1.4948E-01  3.1859E+00  2.3162E-02
  1.0165E+03  1.4963E-01  3.2015E+00  2.0636E-02
  1.0174E+03  1.5108E-01  3.2210E+00  1.7943E-02
  1.0183E+03  1.5398E-01  3.2290E+00  1.7080E-02
  1.0191E+03  1.5670E-01  3.2285E+00  1.5626E-02
  1.0200E+03  1.5822E-01  3.2214E+00  1.3057E-02
  1.0209E+03  1.5723E-01  3.2190E+00  1.0109E-02
  1.0218E+03  1.5623E-01  3.2186E+00  1.1376E-02
  1.0227E+03  1.5499E-01  3.2144E+00  1.3558E-02
  1.0236E+03  1.5584E-01  3.2033E+00  1.3994E-02
  1.0245E+03  1.5566E-01  3.1853E+00  1.2311E-02
  1.0254E+03  1.5411E-01  3.1696E+00  9.6505E-03
  1.0263E+03  1.5312E-01  3.1516E+00  8.1705E-03
  1.0272E+03  1.5140E-01  3.1340E+00  8.8184E-03
  1.0280E+03  1.5012E-01  3.1135E+00  8.7742E-03
  1.0289E+03  1.4864E-01  3.0959E+00  5.9451E-03
  1.0298E+03  1.4783E-01  3.0859E+00  4.0640E-03
  1.0307E+03  1.4876E-01  3.0863E+00  3.9629E-03
  1.0316E+03  1.5017E-01  3.0899E+00  7.6141E-03
  1.0325E+03  1.5074E-01  3.0954E+00  9.2539E-03
  1.0334E+03  1.4897E-01  3.0982E+00  1.2288E-02
  1.0343E+03  1.4945E-01  3.1026E+00  1.9942E-02
  1.0352E+03  1.4896E-01  3.1094E+00  2.4054E-02
  1.0361E+03  1.4651E-01  3.1163E+00  2.7384E-02
  1.0369E+03  1.4532E-01  3.1253E+00  2.9541E-02
  1.0378E+03  1.4530E-01  3.1249E+00  3.2135E-02
  1.0387E+03  1.4565E-01  3.1238E+00  3.4028E-02
  1.0396E+03  1.4737E-01  3.1189E+00  3.6483E-02
  1.0405E+03  1.4870E-01  3.1152E+00  4.1486E-02
  1.0414E+03  1.4898E-01  3.1097E+00  4.2464E-02
  1.0423E+03  1.4772E-01  3.1046E+00  4.3709E-02
  1.0432E+03  1.4731E-01  3.1061E+00  4.3526E-02
  1.0441E+03  1.4641E-01  3.1125E+00  4.2522E-02
  1.0450E+03  1.4768E-01  3.1299E+00  4.0764E-02
  1.0459E+03  1.4861E-01  3.1525E+00  3.8685E-02
  1.0467E+03  1.5052E-01  3.1698E+00  3.9548E-02
  1.0476E+03  1.5224E-01  3.1776E+00  4.0978E-02
  1.0485E+03  1.5320E-01  3.1806E+00  4.2557E-02
  1.0494E+03  1.5450E-01  3.1821E+00  4.2735E-02
  1.0503E+03  1.5471E-01  3.1828E+00  4.2095E-02
  1.0512E+03  1.5510E-01  3.1843E+00  3.9739E-02
  1.0521E+03  1.5318E-01  3.1905E+00  3.5386E-02
  1.0530E+03  1.5212E-01  3.1993E+00  3.1193E-02
  1.0539E+03  1.5176E-01  3.2071E+00  2.7403E-02
  1.0548E+03  1.5209E-01  3.2118E+00  2.3821E-02
  1.0556E+03  1.5248E-01  3.2137E+00  1.9724E-02
  1.0565E+03  1.5269E-01  3.2137E+00  1.6541E-02
  1.0574E+03  1.5400E-01  3.2157E+00  1.4849E-02
  1.0583E+03  1.5568E-01  3.2136E+00  1.5607E-02
  1.0592E+03  1.5537E-01  3.2107E+00  1.7093E-02
  1.0601E+03  1.5523E-01  3.2131E+00  1.6434E-02
  1.0610E+03  1.5466E-01  3.2237E+00  1.5648E-02
  1.0619E+03  1.5501E-01  3.2332E+00  1.6885E-02
  1.0628E+03  1.5364E-01  3.2350E+00  1.8264E-02
  1.0637E+03  1.5194E-01  3.2376E+00  1.9146E-02
  1.0645E+03  1.5052E-01  3.2461E+00  1.9648E-02
  1.0654E+03  1.4951E-01  3.2560E+00  2.1628E-02
  1.0663E+03  1.4817E-01  3.2671E+00  2.2489E-02
  1.0672E+03  1.4879E-01  3.2757E+00  2.2021E-02
  1.0681E+03  1.4868E-01  3.2849E+00  2.1215E-02
  1.0690E+03  1.5123E-01  3.2973E+00  2.2160E-02
  1.0699E+03  1.5547E-01  3.3050E+00  2.2889E-02
  1.0708E+03  1.5732E-01  3.3143E+00  2.3568E-02
  1.0717E+03  1.5818E-01  3.3270E+00  2.4693E-02
  1.0726E+03  1.5696E-01  3.3472E+00  2.4348E-02
  1.0735E+03  1.5631E-01  3.3602E+00  2.6293E-02
  1.0743E+03  1.5619E-01  3.3640E+00  2.8418E-02
  1.0752E+03  1.5610E-01  3.3642E+00  3.1486E-02
  1.0761E+03  1.5636E-01  3.3620E+00  3.3439E-02
  1.0770E+03  1.5485E-01  3.3626E+00  3.5430E-02
  1.0779E+03  1.5534E-01  3.3693E+00  3.5933E-02
  1.0788E+03  1.5697E-01  3.3863E+00  3.6740E-02
  1.0797E+03  1.5527E-01  3.4049E+00  3.6512E-02
  1.0806E+03  1.5174E-01  3.4249E+00  3.5192E-02
  1.0815E+03  1.5118E-01  3.4426E+00  3.2892E-02
  1.0824E+03  1.5293E-01  3.4510E+00  3.0600E-02
  1.0832E+03  1.5420E-01  3.4505E+00  2.9734E-02
  1.0841E+03  1.5652E-01  3.4470E+00  3.1581E-02
  1.0850E+03  1.5890E-01  3.4446E+00  3.4961E-02
  1.0859E+03  1.5775E-01  3.4414E+00  3.5192E-02
  1.0868E+03  1.5855E-01  3.4396E+00  3.5121E-02
  1.0877E+03  1.5993E-01  3.4288E+00  3.5875E-02
  1.0886E+03  1.6086E-01  3.4027E+00  3.4439E-02
  1.0895E+03  1.6064E-01  3.3692E+00  3.1205E-02
  1.0904E+03  1.5934E-01  3.3366E+00  2.6545E-02
  1.0913E+03  1.5745E-01  3.3028E+00  2.3325E-02
  1.0922E+03  1.5457E-01  3.2743E+00  2.0386E-02
  1.0930E+03  1.5416E-01  3.2593E+00  1.9656E-02
  1.0939E+03  1.5234E-01  3.2534E+00  1.7328E-02
  1.0948E+03  1.5211E-01  3.2489E+00  1.7524E-02
  1.0957E+03  1.5277E-01  3.2381E+00  1.8602E-02
  1.0966E+03  1.5134E-01  3.2252E+00  1.9758E-02
  1.0975E+03  1.5152E-01  3.2129E+00  2.3651E-02
  1.0984E+03  1.5473E-01  3.2047E+00  2.8219E-02
  1.0993E+03  1.5654E-01  3.2003E+00  3.1374E-02
  1.1002E+03  1.5879E-01  3.1965E+00  3.3237E-02
  1.1011E+03  1.5858E-01  3.1885E+00  3.4390E-02
  1.1019E+03  1.5684E-01  3.1766E+00  3.4594E-02
  1.1028E+03  1.5653E-01  3.1661E+00  3.6040E-02
  1.1037E+03  1.5510E-01  3.1578E+00  3.6348E-02
  1.1046E+03  1.5557E-01  3.1506E+00  3.6537E-02
  1.1055E+03  1.5584E-01  3.1483E+00  3.8554E-02
  1.1064E+03  1.5536E-01  3.1534E+00  3.7645E-02
  1.1073E+03  1.5471E-01  3.1614E+00  3.7344E-02
  1.1082E+03  1.5442E-01  3.1654E+00  3.9854E-02
  1.1091E+03  1.5374E-01  3.1609E+00  4.5759E-02
  1.1100E+03  1.5114E-01  3.1543E+00  5.0914E-02
  1.1108E+03  1.5015E-01  3.1501E+00  5.2314E-02
  1.1117E+03  1.4917E-01  3.1502E+00  5.4264E-02
  1.1126E+03  1.4813E-01  3.1545E+00  5.7694E-02
  1.1135E+03  1.4712E-01  3.1598E+00  6.3300E-02
  1.1144E+03  1.4726E-01  3.1615E+00  6.7598E-02
  1.1153E+03  1.4937E-01  3.1585E+00  6.9515E-02
  1.1162E+03  1.4946E-01  3.1557E+00  7.0781E-02
  1.1171E+03  1.5244E-01  3.1566E+00  7.0461E-02
  1.1180E+03  1.5492E-01  3.1571E+00  7.1766E-02
  1.1189E+03  1.5427E-01  3.1509E+00  7.5807E-02
  1.1198E+03  1.5380E-01  3.1465E+00  7.8519E-02
  1.1206E+03  1.5342E-01  3.1425E+00  7.7280E-02
  1.1215E+03  1.5374E-01  3.1372E+00  7.3885E-02
  1.1224E+03  1.5307E-01  3.1325E+00  7.0971E-02
  1.1233E+03  1.5281E-01  3.1245E+00  6.7381E-02
  1.1242E+03  1.5192E-01  3.1104E+00  6.2266E-02
  1.1251E+03  1.5206E-01  3.0952E+00  5.8194E-02
  1.1260E+03  1.5203E-01  3.0883E+00  5.5757E-02
  1.1269E+03  1.4917E-01  3.0810E+00  5.3294E-02
  1.1278E+03  1.4919E-01  3.0738E+00  5.2584E-02
  1.1287E+03  1.4938E-01  3.0654E+00  5.0941E-02
  1.1295E+03  1.4919E-01  3.0543E+00  4.8964E-02
  1.1304E+03  1.4898E-01  3.0458E+00  4.9331E-02
  1.1313E+03  1.4675E-01  3.0442E+00  4.8489E-02
  1.1322E+03  1.4476E-01  3.0425E+00  4.7525E-02
  1.1331E+03  1.4357E-01  3.0430E+00  4.4369E-02
  1.1340E+03  1.4382E-01  3.0395E+00  4.0907E-02
  1.1349E+03  1.4465E-01  3.0298E+00  3.8974E-02
  1.1358E+03  1.4558E-01  3.0140E+00  3.8163E-02
  1.1367E+03  1.4539E-01  2.9917E+00  3.6611E-02
  1.1376E+03  1.4472E-01  2.9706E+00  3.6382E-02
  1.1384E+03  1.4432E-01  2.9522E+00  3.4162E-02
  1.1393E+03  1.4377E-01  2.9361E+00  3.0792E-02
  1.1402E+03  1.4416E-01  2.9216E+00  2.4586E-02
  1.1411E+03  1.4337E-01  2.9058E+00  1.9757E-02
  1.1420E+03  1.4200E-01  2.8925E+00  1.7245E-02
  1.1429E+03  1.4250E-01  2.8836E+00  1.7776E-02
  1.1438E+03  1.4152E-01  2.8766E+00  1.7498E-02
  1.1447E+03  1.4046E-01  2.8764E+00  1.8868E-02
  1.1456E+03  1.4058E-01  2.8744E+00  1.9895E-02
  1.1465E+03  1.4058E-01  2.8666E+00  1.9383E-02
  1.1474E+03  1.3898E-01  2.8625E+00  2.0666E-02
  1.1482E+03  1.3738E-01  2.8578E+00  2.1170E-02
  1.1491E+03  1.3626E-01  2.8487E+00  1.9845E-02
  1.1500E+03  1.3592E-01  2.8354E+00  1.8087E-02
  1.1509E+03  1.3579E-01  2.8181E+00  1.8495E-02
  1.1518E+03  1.3581E-01  2.8024E+00  2.1780E-02
  1.1527E+03  1.3685E-01  2.7978E+00  2.4567E-02
  1.1536E+03  1.3724E-01  2.7994E+00  2.7322E-02
  1.1545E+03  1.3818E-01  2.8072E+00  2.7716E-02
  1.1554E+03  1.3911E-01  2.8120E+00  2.7018E-02
  1.1563E+03  1.3939E-01  2.8106E+00  2.9150E-02
  1.1571E+03  1.3888E-01  2.8079E+00  3.1886E-02
  1.1580E+03  1.3814E-01  2.8005E+00  3.2058E-02
  1.1589E+03  1.3614E-01  2.7934E+00  3.0743E-02
  1.1598E+03  1.3465E-01  2.7869E+00  2.5917E-02
  1.1607E+03  1.3463E-01  2.7818E+00  2.1698E-02
  1.1616E+03  1.3502E-01  2.7756E+00  1.7248E-02
  1.1625E+03  1.3484E-01  2.7670E+00  1.3143E-02
  1.1634E+03  1.3358E-01  2.7607E+00  1.1989E-02
  1.1643E+03  1.3207E-01  2.7606E+00  1.3851E-02
  1.1652E+03  1.3048E-01  2.7598E+00  1.4538E-02
  1.1660E+03  1.2828E-01  2.7570E+00  1.2526E-02
  1.1669E+03  1.2805E-01  2.7505E+00  1.3461E-02
  1.1678E+03  1.2757E-01  2.7406E+00  1.5688E-02
  1.1687E+03  1.2783E-01  2.7250E+00  1.7258E-02
  1.1696E+03  1.2850E-01  2.7145E+00  2.0800E-02
  1.1705E+03  1.2891E-01  2.7004E+00  2.4041E-02
  1.1714E+03  1.2887E-01  2.6875E+00  2.6763E-02
  1.1723E+03  1.3018E-01  2.6836E+00  2.8169E-02
  1.1732E+03  1.3113E-01  2.6856E+00  2.6328E-02
  1.1741E+03  1.3041E-01  2.6916E+00  2.3910E-02
  1.1750E+03  1.3141E-01  2.6977E+00  2.0594E-02
  1.1758E+03  1.3142E-01  2.6996E+00  1.8313E-02
  1.1767E+03  1.3125E-01  2.6960E+00  1.5998E-02
  1.1776E+03  1.3100E-01  2.6926E+00  1.5587E-02
  1.1785E+03  1.2983E-01  2.6940E+00  1.5348E-02
  1.1794E+03  1.2888E-01  2.7019E+00  1.3791E-02
  1.1803E+03  1.2966E-01  2.7089E+00  1.2234E-02
  1.1812E+03  1.3088E-01  2.7179E+00  1.1662E-02
  1.1821E+03  1.3204E-01  2.7244E+00  1.0799E-02
  1.1830E+03  1.3229E-01  2.7255E+00  9.1104E-03
  1.1839E+03  1.3212E-01  2.7295E+00  8.0485E-03
  1.1847E+03  1.3242E-01  2.7419E+00  6.5703E-03
  1.1856E+03  1.3198E-01  2.7617E+00  4.4528E-03
  1.1865E+03  1.3270E-01  2.7838E+00  3.2683E-03
  1.1874E+03  1.3483E-01  2.8030E+00  5.9519E-03
  1.1883E+03  1.3620E-01  2.8189E+00  9.7625E-03
  1.1892E+03  1.3640E-01  2.8273E+00  1.0356E-02
  1.1901E+03  1.3563E-01  2.8337E+00  1.0740E-02
  1.1910E+03  1.3684E-01  2.8435E+00  1.0254E-02
  1.1919E+03  1.3728E-01  2.8545E+00  9.3213E-03
  1.1927E+03  1.3775E-01  2.8665E+00  9.9633E-03
  1.1936E+03  1.3811E-01  2.8790E+00  1.1235E-02
  1.1945E+03  1.3767E-01  2.8906E+00  1.1698E-02
  1.1954E+03  1.3763E-01  2.8978E+00  1.2115E-02
  1.1963E+03  1.3798E-01  2.9023E+00  1.3996E-02
  1.1972E+03  1.3875E-01  2.9032E+00  1.3774E-02
  1.1981E+03  1.3872E-01  2.9042E+00  1.2390E-02
  1.1990E+03  1.3791E-01  2.9041E+00  9.1696E-03
  1.1999E+03  1.3772E-01  2.9005E+00  8.2846E-03
  1.2009E+03  1.3899E-01  2.8903E+00  1.0110E-02
  1.2018E+03  1.4208E-01  2.8719E+00  1.2629E-02
  1.2027E+03  1.4344E-01  2.8549E+00  1.4381E-02
  1.2036E+03  1.4461E-01  2.8509E+00  1.5601E-02
  1.2045E+03  1.4511E-01  2.8633E+00  1.6040E-02
  1.2054E+03  1.4484E-01  2.8807E+00  1.6679E-02
  1.2064E+03  1.4688E-01  2.9040E+00  1.7757E-02
  1.2073E+03  1.4873E-01  2.9310E+00  1.9518E-02
  1.2082E+03  1.4985E-01  2.9578E+00  2.3012E-02
  1.2091E+03  1.4895E-01  2.9848E+00  2.4414E-02
  1.2100E+03  1.4847E-01  3.0068E+00  2.3463E-02
  1.2109E+03  1.4744E-01  3.0198E+00  2.0636E-02
  1.2119E+03  1.4580E-01  3.0224E+00  1.6120E-02
  1.2128E+03  1.4313E-01  3.0205E+00  1.1941E-02
  1.2137E+03  1.4118E-01  3.0185E+00  8.9468E-03
  1.2146E+03  1.3975E-01  3.0151E+00  5.5220E-03
  1.2155E+03  1.3924E-01  3.0201E+00  4.0397E-03
  1.2165E+03  1.4187E-01  3.0266E+00  4.0520E-03
  1.2174E+03  1.4423E-01  3.0345E+00  5.3675E-03
  1.2183E+03  1.4620E-01  3.0398E+00  6.7870E-03
  1.2192E+03  1.4652E-01  3.0465E+00  9.9654E-03
  1.2201E+03  1.4688E-01  3.0541E+00  1.2564E-02
  1.2210E+03  1.4818E-01  3.0640E+00  1.4013E-02
  1.2220E+03  1.4895E-01  3.0775E+00  1.2624E-02
  1.2229E+03  1.4985E-01  3.0986E+00  1.0492E-02
  1.2238E+03  1.5118E-01  3.1231E+00  1.1907E-02
  1.2247E+03  1.5228E-01  3.1467E+00  1.2399E-02
  1.2256E+03  1.5093E-01  3.1619E+00  1.0760E-02
  1.2266E+03  1.5160E-01  3.1681E+00  8.9496E-03
  1.2275E+03  1.5358E-01  3.1719E+00  8.5174E-03
  1.2284E+03  1.5464E-01  3.1775E+00  1.0532E-02
  1.2293E+03  1.5523E-01  3.1779E+00  1.0826E-02
  1.2302E+03  1.5533E-01  3.1721E+00  9.0662E-03
  1.2311E+03  1.5469E-01  3.1683E+00  8.3980E-03
  1.2321E+03  1.5140E-01  3.1670E+00  7.0696E-03
  1.2330E+03  1.4951E-01  3.1703E+00  4.8513E-03
  1.2339E+03  1.4887E-01  3.1708E+00  3.3516E-03
  1.2348E+03  1.4904E-01  3.1654E+00  2.8005E-03
  1.2357E+03  1.4957E-01  3.1546E+00  6.1204E-03
  1.2366E+03  1.4957E-01  3.1419E+00  1.2008E-02
  1.2376E+03  1.5088E-01  3.1295E+00  1.6793E-02
  1.2385E+03  1.4939E-01  3.1228E+00  1.7872E-02
  1.2394E+03  1.4833E-01  3.1203E+00  1.8225E-02
  1.2403E+03  1.4821E-01  3.1245E+00  1.7694E-02
  1.2412E+03  1.4803E-01  3.1229E+00  1.5905E-02
  1.2422E+03  1.4763E-01  3.1130E+00  1.3132E-02
  1.2430E+03  1.4755E-01  3.0990E+00  1.1669E-02
  1.2439E+03  1.4803E-01  3.0808E+00  1.0865E-02
  1.2448E+03  1.4787E-01  3.0651E+00  1.1280E-02
  1.2457E+03  1.4795E-01  3.0560E+00  1.3646E-02
  1.2466E+03  1.4692E-01  3.0508E+00  1.7100E-02
  1.2474E+03  1.4460E-01  3.0438E+00  2.1944E-02
  1.2483E+03  1.4325E-01  3.0385E+00  2.3471E-02
  1.2492E+03  1.4299E-01  3.0364E+00  2.1790E-02
  1.2501E+03  1.4217E-01  3.0389E+00  2.0120E-02
  1.2510E+03  1.4149E-01  3.0437E+00  1.9619E-02
  1.2519E+03  1.4018E-01  3.0510E+00  2.0924E-02
  1.2527E+03  1.3966E-01  3.0575E+00  2.0749E-02
  1.2536E+03  1.3992E-01  3.0610E+00  1.9463E-02
  1.2545E+03  1.4067E-01  3.0579E+00  1.7043E-02
  1.2554E+03  1.4210E-01  3.0501E+00  1.4928E-02
  1.2563E+03  1.4315E-01  3.0365E+00  1.2642E-02
  1.2572E+03  1.4549E-01  3.0190E+00  1.2753E-02
  1.2581E+03  1.4735E-01  3.0016E+00  1.3415E-02
  1.2590E+03  1.4520E-01  2.9901E+00  1.2764E-02
  1.2599E+03  1.4393E-01  2.9860E+00  1.0710E-02
  1.2608E+03  1.4260E-01  2.9933E+00  9.6036E-03
  1.2617E+03  1.4297E-01  3.0047E+00  9.7238E-03
  1.2626E+03  1.4298E-01  3.0143E+00  1.2501E-02
  1.2635E+03  1.4504E-01  3.0201E+00  1.8125E-02
  1.2644E+03  1.4571E-01  3.0261E+00  2.5293E-02
  1.2653E+03  1.4624E-01  3.0323E+00  3.2620E-02
  1.2662E+03  1.4567E-01  3.0344E+00  3.5211E-02
  1.2671E+03  1.4580E-01  3.0347E+00  3.5018E-02
  1.2680E+03  1.4610E-01  3.0339E+00  3.3497E-02
  1.2689E+03  1.4658E-01  3.0382E+00  3.1635E-02
  1.2698E+03  1.4691E-01  3.0424E+00  2.9842E-02
  1.2707E+03  1.4670E-01  3.0392E+00  2.8510E-02
  1.2716E+03  1.4838E-01  3.0281E+00  2.6603E-02
  1.2725E+03  1.4931E-01  3.0165E+00  2.4104E-02
  1.2734E+03  1.4844E-01  3.0016E+00  2.0450E-02
  1.2743E+03  1.4693E-01  2.9869E+00  1.6896E-02
  1.2751E+03  1.4481E-01  2.9785E+00  1.5956E-02
  1.2760E+03  1.4242E-01  2.9748E+00  1.5755E-02
  1.2769E+03  1.4262E-01  2.9787E+00  1.5506E-02
  1.2778E+03  1.4266E-01  2.9749E+00  1.7252E-02
  1.2787E+03  1.4300E-01  2.9676E+00  1.8158E-02
  1.2796E+03  1.4391E-01  2.9642E+00  1.7232E-02
  1.2805E+03  1.4481E-01  2.9648E+00  1.5480E-02
  1.2814E+03  1.4361E-01  2.9695E+00  1.5012E-02
  1.2823E+03  1.4551E-01  2.9753E+00  1.3334E-02
  1.2832E+03  1.4988E-01  2.9792E+00  9.1950E-03
  1.2841E+03  1.5081E-01  2.9753E+00  3.6988E-03
  1.2850E+03  1.5033E-01  2.9692E+00 -8.3728E-04
  1.2859E+03  1.4971E-01  2.9614E+00 -3.6962E-03
  1.2868E+03  1.4846E-01  2.9535E+00 -4.0692E-03
  1.2877E+03  1.4690E-01  2.9468E+00 -3.5644E-03
  1.2886E+03  1.4542E-01  2.9383E+00 -4.7602E-04
  1.2895E+03  1.4292E-01  2.9287E+00  2.8588E-03
  1.2904E+03  1.4092E-01  2.9236E+00  4.4157E-03
  1.2913E+03  1.4101E-01  2.9211E+00  4.8418E-03
  1.2922E+03  1.4061E-01  2.9191E+00  4.0628E-03
  1.2931E+03  1.4047E-01  2.9116E+00  2.1936E-03
  1.2940E+03  1.4124E-01  2.9060E+00  1.0824E-04
  1.2949E+03  1.4184E-01  2.9052E+00 -1.5017E-03
  1.2958E+03  1.4395E-01  2.9115E+00 -2.0708E-03
  1.2967E+03  1.4500E-01  2.9256E+00  6.2954E-04
  1.2976E+03  1.4481E-01  2.9445E+00  2.8069E-03
  1.2984E+03  1.4298E-01  2.9617E+00  4.0337E-03
  1.2993E+03  1.4416E-01  2.9747E+00  5.5354E-03
  1.3002E+03  1.4638E-01  2.9869E+00  6.2244E-03
  1.3011E+03  1.4871E-01  3.0001E+00  7.6493E-03
  1.3020E+03  1.4756E-01  3.0086E+00  9.2313E-03
  1.3029E+03  1.4618E-01  3.0129E+00  8.3348E-03
  1.3038E+03  1.4583E-01  3.0139E+00  6.9375E-03
  1.3047E+03  1.4638E-01  3.0209E+00  7.7302E-03
  1.3056E+03  1.4651E-01  3.0321E+00  7.7116E-03
  1.3065E+03  1.4736E-01  3.0454E+00  4.1423E-03
  1.3074E+03  1.4710E-01  3.0586E+00 -8.0546E-04
  1.3083E+03  1.4676E-01  3.0705E+00 -5.3828E-03
  1.3092E+03  1.4920E-01  3.0748E+00 -7.9314E-03
  1.3101E+03  1.4970E-01  3.0715E+00 -8.4455E-03
  1.3110E+03  1.4859E-01  3.0657E+00 -6.6683E-03
  1.3119E+03  1.4799E-01  3.0547E+00 -4.0108E-03
  1.3128E+03  1.4726E-01  3.0385E+00 -3.9111E-03
  1.3137E+03  1.4593E-01  3.0255E+00 -3.5704E-03
  1.3146E+03  1.4599E-01  3.0176E+00 -1.0550E-03
  1.3155E+03  1.4891E-01  3.0162E+00  2.8487E-03
  1.3164E+03  1.5065E-01  3.0183E+00  8.2673E-03
  1.3173E+03  1.5081E-01  3.0259E+00  1.0485E-02
  1.3182E+03  1.4937E-01  3.0333E+00  1.1477E-02
  1.3191E+03  1.4837E-01  3.0403E+00  1.0495E-02
  1.3200E+03  1.4932E-01  3.0468E+00  7.6308E-03
  1.3209E+03  1.5032E-01  3.0486E+00  7.0902E-03
  1.3217E+03  1.5059E-01  3.0503E+00  5.9608E-03
  1.3226E+03  1.5055E-01  3.0497E+00  5.3265E-03
  1.3235E+03  1.5046E-01  3.0570E+00  4.0001E-03
  1.3244E+03  1.5048E-01  3.0657E+00 -6.3691E-05
  1.3253E+03  1.5070E-01  3.0681E+00  4.9793E-05
  1.3262E+03  1.5025E-01  3.0577E+00  2.6101E-03
  1.3271E+03  1.5201E-01  3.0397E+00  5.0681E-03
  1.3280E+03  1.5140E-01  3.0183E+00  4.7484E-03
  1.3289E+03  1.5017E-01  2.9948E+00  6.7842E-03
  1.3298E+03  1.4785E-01  2.9646E+00  1.0045E-02
  1.3307E+03  1.4664E-01  2.9381E+00  1.2217E-02
  1.3316E+03  1.4523E-01  2.9223E+00  1.5050E-02
  1.3325E+03  1.4566E-01  2.9116E+00  1.5578E-02
  1.3334E+03  1.4696E-01  2.9025E+00  1.3635E-02
  1.3343E+03  1.4671E-01  2.8925E+00  1.2128E-02
  1.3352E+03  1.4330E-01  2.8770E+00  1.2575E-02
  1.3361E+03  1.4063E-01  2.8644E+00  1.2937E-02
  1.3370E+03  1.4013E-01  2.8515E+00  1.2306E-02
  1.3379E+03  1.4101E-01  2.8412E+00  1.1097E-02
  1.3388E+03  1.4178E-01  2.8299E+00  9.9482E-03
  1.3397E+03  1.4149E-01  2.8224E+00  7.3407E-03
  1.3406E+03  1.4225E-01  2.8206E+00  4.1196E-03
  1.3415E+03  1.4293E-01  2.8159E+00  2.1705E-03
  1.3424E+03  1.4300E-01  2.8122E+00  7.8498E-04
  1.3433E+03  1.4262E-01  2.8118E+00 -2.1473E-04
  1.3442E+03  1.4447E-01  2.8198E+00 -8.6991E-04
  1.3450E+03  1.4497E-01  2.8282E+00 -3.6638E-03
  1.3459E+03  1.4436E-01  2.8334E+00 -6.8427E-03
  1.3468E+03  1.4431E-01  2.8328E+00 -8.5938E-03
  1.3477E+03  1.4391E-01  2.8335E+00 -1.0293E-02
  1.3486E+03  1.4315E-01  2.8357E+00 -1.1061E-02
  1.3495E+03  1.4418E-01  2.8417E+00 -1.0811E-02
  1.3504E+03  1.4486E-01  2.8484E+00 -9.3214E-03
  1.3513E+03  1.4462E-01  2.8612E+00 -9.0569E-03
  1.3522E+03  1.4404E-01  2.8792E+00 -9.3573E-03
  1.3531E+03  1.4376E-01  2.8998E+00 -9.5780E-03
  1.3540E+03  1.4387E-01  2.9211E+00 -9.7570E-03
  1.3549E+03  1.4420E-01  2.9436E+00 -1.0092E-02
  1.3558E+03  1.4564E-01  2.9666E+00 -7.8607E-03
  1.3567E+03  1.4813E-01  2.9871E+00 -5.9872E-03
  1.3576E+03  1.4954E-01  3.0014E+00 -4.6475E-03
  1.3585E+03  1.4977E-01  3.0131E+00 -2.1256E-03
  1.3594E+03  1.5132E-01  3.0214E+00 -3.2308E-04
  1.3603E+03  1.5164E-01  3.0269E+00  3.5000E-03
  1.3612E+03  1.5111E-01  3.0379E+00  5.8896E-03
  1.3621E+03  1.4999E-01  3.0541E+00  4.2932E-03
  1.3630E+03  1.4970E-01  3.0737E+00  5.8986E-04
  1.3639E+03  1.4928E-01  3.0922E+00 -2.3844E-03
  1.3648E+03  1.4850E-01  3.1059E+00 -4.6768E-03
  1.3657E+03  1.4836E-01  3.1091E+00 -6.2447E-03
  1.3666E+03  1.4992E-01  3.1056E+00 -5.2528E-03
  1.3675E+03  1.5048E-01  3.0999E+00 -3.2050E-03
  1.3683E+03  1.5016E-01  3.1005E+00 -2.0646E-03
  1.3692E+03  1.4860E-01  3.1027E+00  6.3543E-04
  1.3701E+03  1.4741E-01  3.1066E+00  4.0739E-03
  1.3710E+03  1.4794E-01  3.1149E+00  5.5941E-03
  1.3719E+03  1.4821E-01  3.1180E+00  6.2792E-03
  1.3728E+03  1.4950E-01  3.1161E+00  6.2045E-03
  1.3737E+03  1.5236E-01  3.1103E+00  5.9690E-03
  1.3746E+03  1.5292E-01  3.1018E+00  5.0967E-03
  1.3755E+03  1.5243E-01  3.1017E+00  4.0196E-03
  1.3764E+03  1.5099E-01  3.1085E+00  2.6353E-03
  1.3773E+03  1.4994E-01  3.1155E+00  1.9752E-03
  1.3782E+03  1.4865E-01  3.1233E+00  2.1773E-03
  1.3791E+03  1.4551E-01  3.1298E+00  3.7232E-03
  1.3800E+03  1.4401E-01  3.1342E+00  5.4750E-03
  1.3809E+03  1.4297E-01  3.1322E+00  9.4577E-03
  1.3818E+03  1.4200E-01  3.1244E+00  1.3214E-02
  1.3827E+03  1.4215E-01  3.1170E+00  1.3327E-02
  1.3836E+03  1.4404E-01  3.1145E+00  1.2699E-02
  1.3845E+03  1.4665E-01  3.1114E+00  1.2521E-02
  1.3854E+03  1.4765E-01  3.1018E+00  1.1384E-02
  1.3863E+03  1.4622E-01  3.0984E+00  1.0927E-02
  1.3872E+03  1.4562E-01  3.1030E+00  1.1671E-02
  1.3881E+03  1.4443E-01  3.1079E+00  1.2793E-02
  1.3890E+03  1.4587E-01  3.1054E+00  1.3101E-02
  1.3899E+03  1.4668E-01  3.0958E+00  1.1610E-02
  1.3908E+03  1.4709E-01  3.0878E+00  1.0851E-02
  1.3916E+03  1.4757E-01  3.0800E+00  9.7048E-03
  1.3925E+03  1.4827E-01  3.0740E+00  9.7077E-03
  1.3934E+03  1.4950E-01  3.0737E+00  1.3142E-02
  1.3943E+03  1.4840E-01  3.0748E+00  1.5162E-02
  1.3952E+03  1.4743E-01  3.0748E+00  1.7363E-02
  1.3961E+03  1.4803E-01  3.0769E+00  1.9185E-02
  1.3970E+03  1.4704E-01  3.0803E+00  1.6946E-02
  1.3979E+03  1.4634E-01  3.0866E+00  1.3963E-02
  1.3988E+03  1.4803E-01  3.0876E+00  1.3492E-02
  1.3997E+03  1.4881E-01  3.0844E+00  1.3735E-02
  1.4006E+03  1.4804E-01  3.0748E+00  1.4819E-02
  1.4015E+03  1.4702E-01  3.0648E+00  1.5389E-02
  1.4024E+03  1.4617E-01  3.0561E+00  1.3761E-02
  1.4033E+03  1.4641E-01  3.0538E+00  1.1260E-02
  1.4042E+03  1.4655E-01  3.0545E+00  1.0725E-02
  1.4051E+03  1.4643E-01  3.0623E+00  9.5892E-03
  1.4060E+03  1.4745E-01  3.0729E+00  6.9761E-03
  1.4069E+03  1.4788E-01  3.0740E+00  5.2376E-03
  1.4078E+03  1.4652E-01  3.0716E+00  3.9711E-03
  1.4087E+03  1.4567E-01  3.0710E+00  1.5180E-03
  1.4096E+03  1.4664E-01  3.0711E+00 -2.0973E-03
  1.4105E+03  1.4801E-01  3.0786E+00 -5.6543E-03
  1.4114E+03  1.4855E-01  3.0848E+00 -9.5726E-03
  1.4123E+03  1.4953E-01  3.0864E+00 -1.2658E-02
  1.4132E+03  1.4931E-01  3.0863E+00 -1.5058E-02
  1.4141E+03  1.4754E-01  3.0884E+00 -1.4960E-02
  1.4149E+03  1.4639E-01  3.0901E+00 -1.3148E-02
  1.4158E+03  1.4605E-01  3.0939E+00 -1.0395E-02
  1.4167E+03  1.4665E-01  3.1016E+00 -8.9678E-03
  1.4176E+03  1.4684E-01  3.1169E+00 -7.9168E-03
  1.4185E+03  1.4714E-01  3.1351E+00 -8.2374E-03
  1.4194E+03  1.4804E-01  3.1568E+00 -1.0628E-02
  1.4203E+03  1.4870E-01  3.1760E+00 -1.1984E-02
  1.4212E+03  1.5014E-01  3.1937E+00 -1.1074E-02
  1.4221E+03  1.5121E-01  3.2097E+00 -9.8074E-03
  1.4230E+03  1.5133E-01  3.2256E+00 -8.9576E-03
  1.4239E+03  1.5004E-01  3.2441E+00 -1.1104E-02
  1.4248E+03  1.4855E-01  3.2666E+00 -1.4943E-02
  1.4257E+03  1.4818E-01  3.2927E+00 -1.8858E-02
  1.4266E+03  1.4985E-01  3.3216E+00 -2.2498E-02
  1.4275E+03  1.5245E-01  3.3447E+00 -2.3930E-02
  1.4284E+03  1.5494E-01  3.3582E+00 -2.3499E-02
  1.4293E+03  1.5629E-01  3.3693E+00 -2.1357E-02
  1.4302E+03  1.5670E-01  3.3848E+00 -1.7638E-02
  1.4311E+03  1.5718E-01  3.4077E+00 -1.4093E-02
  1.4320E+03  1.5857E-01  3.4325E+00 -1.1379E-02
  1.4329E+03  1.5802E-01  3.4537E+00 -1.1056E-02
  1.4338E+03  1.5802E-01  3.4751E+00 -1.1346E-02
  1.4347E+03  1.5984E-01  3.4902E+00 -1.3399E-02
  1.4356E+03  1.6154E-01  3.4999E+00 -1.5290E-02
  1.4365E+03  1.6456E-01  3.5015E+00 -1.7917E-02
  1.4374E+03  1.6781E-01  3.5009E+00 -1.9069E-02
  1.4383E+03  1.7051E-01  3.5031E+00 -1.9275E-02
  1.4392E+03  1.6994E-01  3.5053E+00 -1.7558E-02
  1.4401E+03  1.6784E-01  3.5032E+00 -1.7247E-02
  1.4410E+03  1.6621E-01  3.4974E+00 -1.5658E-02
  1.4419E+03  1.6663E-01  3.4855E+00 -1.4709E-02
  1.4428E+03  1.6635E-01  3.4730E+00 -1.4447E-02
  1.4437E+03  1.6511E-01  3.4604E+00 -1.7166E-02
  1.4446E+03  1.6579E-01  3.4551E+00 -2.0478E-02
  1.4455E+03  1.6693E-01  3.4582E+00 -2.2342E-02
  1.4464E+03  1.6903E-01  3.4694E+00 -2.6473E-02
  1.4473E+03  1.6725E-01  3.4861E+00 -3.0185E-02
  1.4482E+03  1.6636E-01  3.5081E+00 -3.1505E-02
  1.4491E+03  1.6776E-01  3.5264E+00 -3.5221E-02
  1.4500E+03  1.6928E-01  3.5304E+00 -3.8807E-02
  1.4509E+03  1.7066E-01  3.5256E+00 -4.1015E-02
  1.4518E+03  1.6999E-01  3.5169E+00 -4.1130E-02
  1.4527E+03  1.7036E-01  3.5158E+00 -3.8150E-02
  1.4536E+03  1.6997E-01  3.5211E+00 -3.4644E-02
  1.4545E+03  1.6861E-01  3.5353E+00 -3.3317E-02
  1.4554E+03  1.6882E-01  3.5596E+00 -3.3175E-02
  1.4563E+03  1.6828E-01  3.5895E+00 -3.1131E-02
  1.4572E+03  1.6905E-01  3.6111E+00 -2.8096E-02
  1.4581E+03  1.7061E-01  3.6259E+00 -2.7792E-02
  1.4589E+03  1.7212E-01  3.6378E+00 -2.6541E-02
  1.4598E+03  1.7310E-01  3.6549E+00 -2.5862E-02
  1.4606E+03  1.7138E-01  3.6728E+00 -2.1766E-02
  1.4615E+03  1.7038E-01  3.6873E+00 -1.7609E-02
  1.4624E+03  1.7014E-01  3.7018E+00 -1.2691E-02
  1.4633E+03  1.7041E-01  3.7120E+00 -8.6312E-03
  1.4641E+03  1.7206E-01  3.7123E+00 -5.5566E-03
  1.4650E+03  1.7432E-01  3.7037E+00 -5.0126E-03
  1.4659E+03  1.7379E-01  3.6988E+00 -8.1084E-03
  1.4668E+03  1.7261E-01  3.7031E+00 -1.3302E-02
  1.4676E+03  1.7018E-01  3.7229E+00 -1.4952E-02
  1.4685E+03  1.6885E-01  3.7427E+00 -1.5689E-02
  1.4694E+03  1.6911E-01  3.7558E+00 -1.7620E-02
  1.4703E+03  1.6933E-01  3.7633E+00 -2.1915E-02
  1.4711E+03  1.7027E-01  3.7675E+00 -2.5194E-02
  1.4720E+03  1.7018E-01  3.7680E+00 -2.6286E-02
  1.4729E+03  1.7202E-01  3.7696E+00 -2.7545E-02
  1.4737E+03  1.7297E-01  3.7715E+00 -2.8727E-02
  1.4746E+03  1.7308E-01  3.7675E+00 -2.7096E-02
  1.4755E+03  1.7316E-01  3.7623E+00 -2.3917E-02
  1.4764E+03  1.7321E-01  3.7511E+00 -2.2440E-02
  1.4772E+03  1.7431E-01  3.7338E+00 -2.3155E-02
  1.4781E+03  1.7313E-01  3.7202E+00 -2.3330E-02
  1.4790E+03  1.7049E-01  3.7074E+00 -2.2510E-02
  1.4799E+03  1.6987E-01  3.6926E+00 -2.2834E-02
  1.4807E+03  1.6908E-01  3.6807E+00 -2.4077E-02
  1.4816E+03  1.6973E-01  3.6734E+00 -2.5965E-02
  1.4824E+03  1.6967E-01  3.6679E+00 -2.7302E-02
  1.4833E+03  1.6940E-01  3.6562E+00 -2.8813E-02
  1.4842E+03  1.6973E-01  3.6399E+00 -3.0507E-02
  1.4851E+03  1.6788E-01  3.6291E+00 -3.0210E-02
  1.4859E+03  1.6771E-01  3.6256E+00 -3.0931E-02
  1.4868E+03  1.6801E-01  3.6246E+00 -3.2004E-02
  1.4877E+03  1.6591E-01  3.6241E+00 -3.2199E-02
  1.4886E+03  1.6315E-01  3.6287E+00 -2.7158E-02
  1.4895E+03  1.6173E-01  3.6394E+00 -2.2639E-02
  1.4903E+03  1.6154E-01  3.6500E+00 -1.9244E-02
  1.4912E+03  1.6246E-01  3.6656E+00 -1.7610E-02
  1.4921E+03  1.6418E-01  3.6798E+00 -1.6203E-02
  1.4930E+03  1.6427E-01  3.6872E+00 -1.6109E-02
  1.4939E+03  1.6283E-01  3.6958E+00 -1.6651E-02
  1.4947E+03  1.6312E-01  3.7043E+00 -1.7970E-02
  1.4956E+03  1.6465E-01  3.7186E+00 -2.0699E-02
  1.4965E+03  1.6558E-01  3.7299E+00 -2.3493E-02
  1.4974E+03  1.6724E-01  3.7412E+00 -2.5636E-02
  1.4982E+03  1.6912E-01  3.7426E+00 -2.6336E-02
  1.4991E+03  1.7034E-01  3.7329E+00 -2.8689E-02
  1.5000E+03  1.7019E-01  3.7216E+00 -2.9395E-02
  1.5009E+03  1.6855E-01  3.7104E+00 -2.9670E-02
  1.5018E+03  1.6467E-01  3.6984E+00 -2.7303E-02
  1.5026E+03  1.6347E-01  3.6929E+00 -2.6870E-02
  1.5035E+03  1.6283E-01  3.6862E+00 -2.8449E-02
  1.5044E+03  1.6454E-01  3.6785E+00 -2.9840E-02
  1.5053E+03  1.6556E-01  3.6732E+00 -3.2042E-02
  1.5062E+03  1.6654E-01  3.6681E+00 -3.6138E-02
  1.5070E+03  1.6710E-01  3.6687E+00 -3.7283E-02
  1.5079E+03  1.6730E-01  3.6718E+00 -3.6635E-02
  1.5088E+03  1.6745E-01  3.6721E+00 -3.7624E-02
  1.5097E+03  1.6649E-01  3.6687E+00 -3.8015E-02
  1.5105E+03  1.6617E-01  3.6673E+00 -3.8522E-02
  1.5114E+03  1.6531E-01  3.6628E+00 -3.9134E-02
  1.5122E+03  1.6236E-01  3.6550E+00 -3.8483E-02
  1.5131E+03  1.6224E-01  3.6452E+00 -3.7249E-02
  1.5140E+03  1.6186E-01  3.6363E+00 -3.6625E-02
  1.5149E+03  1.6285E-01  3.6349E+00 -3.4534E-02
  1.5157E+03  1.6478E-01  3.6418E+00 -3.3518E-02
  1.5166E+03  1.6641E-01  3.6520E+00 -3.4971E-02
  1.5175E+03  1.6726E-01  3.6557E+00 -3.6708E-02
  1.5184E+03  1.6661E-01  3.6548E+00 -3.5708E-02
  1.5192E+03  1.6296E-01  3.6513E+00 -3.3863E-02
  1.5201E+03  1.6265E-01  3.6448E+00 -3.2455E-02
  1.5210E+03  1.6393E-01  3.6389E+00 -3.0736E-02
  1.5219E+03  1.6313E-01  3.6308E+00 -2.7468E-02
  1.5228E+03  1.6157E-01  3.6240E+00 -2.3390E-02
  1.5236E+03  1.6269E-01  3.6267E+00 -1.7989E-02
  1.5245E+03  1.6197E-01  3.6371E+00 -1.1940E-02
  1.5254E+03  1.6299E-01  3.6514E+00 -1.0239E-02
  1.5263E+03  1.6558E-01  3.6694E+00 -1.1873E-02
  1.5271E+03  1.6734E-01  3.6878E+00 -1.3739E-02
  1.5280E+03  1.6909E-01  3.6973E+00 -1.4505E-02
  1.5289E+03  1.7071E-01  3.7020E+00 -1.4155E-02
  1.5298E+03  1.7162E-01  3.7007E+00 -1.2672E-02
  1.5306E+03  1.7467E-01  3.6914E+00 -1.2125E-02
  1.5315E+03  1.7711E-01  3.6863E+00 -1.1599E-02
  1.5324E+03  1.7470E-01  3.6930E+00 -1.1754E-02
  1.5333E+03  1.7503E-01  3.7100E+00 -1.3097E-02
  1.5342E+03  1.7470E-01  3.7242E+00 -1.5475E-02
  1.5350E+03  1.7289E-01  3.7388E+00 -1.6438E-02
  1.5359E+03  1.7015E-01  3.7507E+00 -1.4753E-02
  1.5368E+03  1.7072E-01  3.7588E+00 -1.2942E-02
  1.5377E+03  1.7253E-01  3.7652E+00 -1.0861E-02
  1.5385E+03  1.7159E-01  3.7734E+00 -7.7309E-03
  1.5394E+03  1.7125E-01  3.7787E+00 -6.1046E-03
  1.5403E+03  1.7249E-01  3.7785E+00 -2.5462E-03
  1.5412E+03  1.7467E-01  3.7782E+00  1.0046E-03
  1.5420E+03  1.7443E-01  3.7871E+00  1.1439E-03
  1.5429E+03  1.7306E-01  3.7962E+00  3.2235E-04
  1.5438E+03  1.7461E-01  3.7997E+00 -1.1465E-03
  1.5447E+03  1.7674E-01  3.8021E+00 -1.1809E-03
  1.5455E+03  1.7798E-01  3.8056E+00 -3.7085E-04
  1.5464E+03  1.7756E-01  3.8030E+00  3.8311E-04
  1.5473E+03  1.7874E-01  3.7956E+00 -9.0970E-04
  1.5482E+03  1.8166E-01  3.7827E+00 -2.5463E-03
  1.5491E+03  1.8173E-01  3.7713E+00 -7.4821E-03
  1.5499E+03  1.8189E-01  3.7610E+00 -1.6044E-02
  1.5508E+03  1.8073E-01  3.7548E+00 -2.3342E-02
  1.5517E+03  1.8082E-01  3.7528E+00 -2.6297E-02
  1.5526E+03  1.8067E-01  3.7493E+00 -2.6853E-02
  1.5534E+03  1.7764E-01  3.7451E+00 -2.7972E-02
  1.5543E+03  1.7618E-01  3.7359E+00 -3.0642E-02
  1.5552E+03  1.7436E-01  3.7249E+00 -3.2106E-02
  1.5561E+03  1.7387E-01  3.7107E+00 -3.3130E-02
  1.5569E+03  1.7397E-01  3.6939E+00 -3.4448E-02
  1.5578E+03  1.7367E-01  3.6700E+00 -3.5960E-02
  1.5587E+03  1.7256E-01  3.6563E+00 -3.8392E-02
  1.5596E+03  1.7060E-01  3.6504E+00 -4.0501E-02
  1.5604E+03  1.6834E-01  3.6593E+00 -3.8954E-02
  1.5613E+03  1.6781E-01  3.6795E+00 -3.5974E-02
  1.5622E+03  1.6878E-01  3.6963E+00 -3.1298E-02
  1.5631E+03  1.6733E-01  3.6974E+00 -3.0486E-02
  1.5640E+03  1.6772E-01  3.6986E+00 -3.2240E-02
  1.5648E+03  1.6877E-01  3.6969E+00 -3.6014E-02
  1.5657E+03  1.6923E-01  3.6941E+00 -3.4172E-02
  1.5666E+03  1.6948E-01  3.6920E+00 -2.7512E-02
  1.5675E+03  1.6883E-01  3.6927E+00 -1.9944E-02
  1.5683E+03  1.6840E-01  3.6966E+00 -1.5166E-02
  1.5692E+03  1.6898E-01  3.7083E+00 -1.3403E-02
  1.5701E+03  1.7135E-01  3.7187E+00 -1.2808E-02
  1.5710E+03  1.7175E-01  3.7238E+00 -1.3046E-02
  1.5718E+03  1.7275E-01  3.7226E+00 -1.5567E-02
  1.5727E+03  1.7134E-01  3.7211E+00 -1.8581E-02
  1.5736E+03  1.6848E-01  3.7206E+00 -1.9141E-02
  1.5745E+03  1.6978E-01  3.7263E+00 -2.0369E-02
  1.5753E+03  1.6966E-01  3.7289E+00 -2.4799E-02
  1.5762E+03  1.7016E-01  3.7208E+00 -2.8059E-02
  1.5771E+03  1.6880E-01  3.7173E+00 -3.2968E-02
  1.5780E+03  1.6719E-01  3.7182E+00 -3.7880E-02
  1.5789E+03  1.6802E-01  3.7201E+00 -4.1894E-02
  1.5797E+03  1.6876E-01  3.7236E+00 -4.2412E-02
  1.5806E+03  1.6788E-01  3.7243E+00 -4.0099E-02
  1.5815E+03  1.6661E-01  3.7226E+00 -3.6918E-02
  1.5824E+03  1.6706E-01  3.7208E+00 -3.5344E-02
  1.5832E+03  1.6752E-01  3.7071E+00 -3.3646E-02
  1.5841E+03  1.6812E-01  3.6888E+00 -3.3577E-02
  1.5850E+03  1.6715E-01  3.6784E+00 -3.2518E-02
  1.5859E+03  1.6511E-01  3.6762E+00 -2.8534E-02
  1.5867E+03  1.6417E-01  3.6700E+00 -2.3077E-02
  1.5876E+03  1.6439E-01  3.6544E+00 -1.8955E-02
  1.5885E+03  1.6555E-01  3.6376E+00 -1.4504E-02
  1.5894E+03  1.6672E-01  3.6278E+00 -1.6020E-02
  1.5902E+03  1.6675E-01  3.6273E+00 -2.1637E-02
  1.5911E+03  1.6606E-01  3.6337E+00 -2.7077E-02
  1.5920E+03  1.6499E-01  3.6433E+00 -3.1532E-02
  1.5929E+03  1.6487E-01  3.6563E+00 -3.2590E-02
  1.5938E+03  1.6583E-01  3.6707E+00 -3.4950E-02
  1.5946E+03  1.6516E-01  3.6842E+00 -3.5688E-02
  1.5955E+03  1.6560E-01  3.6904E+00 -3.7095E-02
  1.5964E+03  1.6447E-01  3.6861E+00 -3.6707E-02
  1.5973E+03  1.6193E-01  3.6743E+00 -3.2873E-02
  1.5981E+03  1.6190E-01  3.6583E+00 -2.9737E-02
  1.5991E+03  1.6243E-01  3.6391E+00 -2.8865E-02
  1.6000E+03  1.6387E-01  3.6209E+00 -3.1972E-02
  1.6009E+03  1.6424E-01  3.6126E+00 -3.5633E-02
  1.6018E+03  1.6372E-01  3.6096E+00 -3.7107E-02
  1.6027E+03  1.5841E-01  3.6102E+00 -3.9598E-02
  1.6037E+03  1.5596E-01  3.6107E+00 -4.3630E-02
  1.6046E+03  1.5657E-01  3.6119E+00 -4.9411E-02
  1.6055E+03  1.5772E-01  3.6107E+00 -5.3984E-02
  1.6064E+03  1.5926E-01  3.6035E+00 -5.5259E-02
  1.6073E+03  1.5998E-01  3.5874E+00 -5.3898E-02
  1.6083E+03  1.6079E-01  3.5765E+00 -5.2992E-02
  1.6092E+03  1.5971E-01  3.5610E+00 -5.4877E-02
  1.6100E+03  1.5885E-01  3.5387E+00 -5.7758E-02
  1.6109E+03  1.5967E-01  3.5212E+00 -5.6784E-02
  1.6118E+03  1.6056E-01  3.5095E+00 -5.3404E-02
  1.6127E+03  1.6180E-01  3.4949E+00 -5.4800E-02
  1.6137E+03  1.6458E-01  3.4798E+00 -5.7940E-02
  1.6146E+03  1.6371E-01  3.4676E+00 -6.0715E-02
  1.6155E+03  1.6139E-01  3.4613E+00 -6.2348E-02
  1.6164E+03  1.5864E-01  3.4581E+00 -6.2528E-02
  1.6173E+03  1.5839E-01  3.4498E+00 -6.0513E-02
  1.6182E+03  1.5916E-01  3.4263E+00 -5.7838E-02
  1.6191E+03  1.5732E-01  3.3994E+00 -5.4731E-02
  1.6201E+03  1.5617E-01  3.3769E+00 -5.3372E-02
  1.6210E+03  1.5536E-01  3.3622E+00 -5.1854E-02
  1.6219E+03  1.5514E-01  3.3539E+00 -5.0789E-02
  1.6228E+03  1.5715E-01  3.3478E+00 -5.0696E-02
  1.6237E+03  1.5798E-01  3.3447E+00 -5.1242E-02
  1.6246E+03  1.5863E-01  3.3416E+00 -4.9717E-02
  1.6255E+03  1.5871E-01  3.3387E+00 -4.7664E-02
  1.6265E+03  1.5762E-01  3.3346E+00 -4.7563E-02
  1.6274E+03  1.5839E-01  3.3380E+00 -4.8698E-02
  1.6283E+03  1.5598E-01  3.3466E+00 -4.7998E-02
  1.6292E+03  1.5434E-01  3.3570E+00 -4.4564E-02
  1.6301E+03  1.5553E-01  3.3624E+00 -4.1957E-02
  1.6310E+03  1.5604E-01  3.3650E+00 -4.3166E-02
  1.6319E+03  1.5789E-01  3.3619E+00 -4.4412E-02
  1.6328E+03  1.5692E-01  3.3540E+00 -4.4512E-02
  1.6337E+03  1.5681E-01  3.3425E+00 -4.1939E-02
  1.6346E+03  1.5662E-01  3.3334E+00 -3.8510E-02
  1.6354E+03  1.5664E-01  3.3241E+00 -3.4953E-02
  1.6363E+03  1.5779E-01  3.3147E+00 -3.1623E-02
  1.6372E+03  1.5840E-01  3.3097E+00 -2.7417E-02
  1.6381E+03  1.5730E-01  3.3088E+00 -2.2050E-02
  1.6390E+03  1.5662E-01  3.3146E+00 -1.6408E-02
  1.6399E+03  1.5694E-01  3.3219E+00 -1.2653E-02
  1.6408E+03  1.5573E-01  3.3315E+00 -8.8437E-03
  1.6417E+03  1.5672E-01  3.3433E+00 -7.9195E-03
  1.6425E+03  1.5775E-01  3.3553E+00 -7.7244E-03
  1.6434E+03  1.5965E-01  3.3639E+00 -1.0453E-02
  1.6443E+03  1.5905E-01  3.3710E+00 -1.3706E-02
  1.6452E+03  1.5809E-01  3.3803E+00 -1.7030E-02
  1.6461E+03  1.5854E-01  3.3925E+00 -1.8746E-02
  1.6470E+03  1.6032E-01  3.4061E+00 -1.9208E-02
  1.6479E+03  1.6120E-01  3.4067E+00 -2.0348E-02
  1.6488E+03  1.6186E-01  3.4059E+00 -2.1165E-02
  1.6496E+03  1.6044E-01  3.4106E+00 -2.0628E-02
  1.6505E+03  1.5993E-01  3.4164E+00 -1.7074E-02
  1.6514E+03  1.5900E-01  3.4223E+00 -1.0995E-02
  1.6523E+03  1.5655E-01  3.4251E+00 -5.9705E-03
  1.6532E+03  1.5691E-01  3.4232E+00 -2.3674E-03
  1.6541E+03  1.5678E-01  3.4101E+00 -4.5623E-03
  1.6550E+03  1.5766E-01  3.3930E+00 -8.1670E-03
  1.6559E+03  1.5952E-01  3.3722E+00 -1.0096E-02
  1.6567E+03  1.5993E-01  3.3484E+00 -9.8329E-03
  1.6576E+03  1.5790E-01  3.3256E+00 -1.1159E-02
  1.6585E+03  1.5642E-01  3.3099E+00 -1.0171E-02
  1.6594E+03  1.5510E-01  3.2954E+00 -8.1920E-03
  1.6603E+03  1.5290E-01  3.2852E+00 -7.2880E-03
  1.6612E+03  1.4982E-01  3.2781E+00 -7.6652E-03
  1.6621E+03  1.4818E-01  3.2745E+00 -1.1585E-02
  1.6630E+03  1.5070E-01  3.2778E+00 -1.5011E-02
  1.6638E+03  1.5297E-01  3.2860E+00 -1.6835E-02
  1.6647E+03  1.5510E-01  3.2981E+00 -1.5804E-02
  1.6656E+03  1.5507E-01  3.3096E+00 -1.5491E-02
  1.6665E+03  1.5474E-01  3.3194E+00 -1.7175E-02
  1.6674E+03  1.5237E-01  3.3277E+00 -2.1085E-02
  1.6683E+03  1.5000E-01  3.3351E+00 -2.2157E-02
  1.6692E+03  1.5047E-01  3.3453E+00 -2.0133E-02
  1.6701E+03  1.5004E-01  3.3536E+00 -2.0229E-02
  1.6709E+03  1.4932E-01  3.3628E+00 -2.1642E-02
  1.6718E+03  1.5171E-01  3.3677E+00 -2.3543E-02
  1.6727E+03  1.5373E-01  3.3747E+00 -2.4596E-02
  1.6736E+03  1.5316E-01  3.3810E+00 -2.7127E-02
  1.6745E+03  1.5277E-01  3.3904E+00 -3.1038E-02
  1.6754E+03  1.5481E-01  3.4046E+00 -3.3999E-02
  1.6763E+03  1.5469E-01  3.4218E+00 -3.3924E-02
  1.6772E+03  1.5522E-01  3.4400E+00 -3.1552E-02
  1.6780E+03  1.5673E-01  3.4552E+00 -2.7082E-02
  1.6789E+03  1.5750E-01  3.4697E+00 -2.5031E-02
  1.6798E+03  1.5795E-01  3.4809E+00 -2.5231E-02
  1.6807E+03  1.6013E-01  3.4913E+00 -2.5871E-02
  1.6816E+03  1.5917E-01  3.5006E+00 -2.4804E-02
  1.6825E+03  1.5921E-01  3.5110E+00 -2.4394E-02
  1.6834E+03  1.5938E-01  3.5248E+00 -2.3479E-02
  1.6843E+03  1.5947E-01  3.5376E+00 -2.3070E-02
  1.6851E+03  1.5964E-01  3.5480E+00 -2.1880E-02
  1.6860E+03  1.5970E-01  3.5565E+00 -2.1987E-02
  1.6869E+03  1.6082E-01  3.5609E+00 -2.3272E-02
  1.6878E+03  1.6442E-01  3.5622E+00 -2.4277E-02
  1.6887E+03  1.6867E-01  3.5652E+00 -2.4294E-02
  1.6896E+03  1.6979E-01  3.5678E+00 -2.5633E-02
  1.6905E+03  1.6918E-01  3.5722E+00 -2.8402E-02
  1.6914E+03  1.6878E-01  3.5660E+00 -3.0119E-02
  1.6922E+03  1.6628E-01  3.5558E+00 -2.9507E-02
  1.6931E+03  1.6567E-01  3.5461E+00 -2.9048E-02
  1.6940E+03  1.6234E-01  3.5408E+00 -2.7887E-02
  1.6949E+03  1.6088E-01  3.5327E+00 -2.8174E-02
  1.6958E+03  1.6130E-01  3.5213E+00 -2.9368E-02
  1.6967E+03  1.6257E-01  3.5032E+00 -2.8101E-02
  1.6976E+03  1.6223E-01  3.4824E+00 -2.4062E-02
  1.6985E+03  1.6210E-01  3.4564E+00 -1.8483E-02
  1.6993E+03  1.6092E-01  3.4282E+00 -1.2969E-02
  1.7002E+03  1.5916E-01  3.4091E+00 -8.5654E-03
  1.7011E+03  1.5771E-01  3.3983E+00 -4.6836E-03
  1.7020E+03  1.5753E-01  3.3953E+00 -2.7145E-04
  1.7029E+03  1.5821E-01  3.3972E+00  3.4099E-03
  1.7038E+03  1.5981E-01  3.4046E+00  6.6983E-03
  1.7047E+03  1.5959E-01  3.4167E+00  7.7802E-03
  1.7056E+03  1.5800E-01  3.4287E+00  8.1836E-03
  1.7064E+03  1.5798E-01  3.4442E+00  9.3900E-03
  1.7073E+03  1.5776E-01  3.4585E+00  1.1249E-02
  1.7082E+03  1.5997E-01  3.4719E+00  1.1066E-02
  1.7091E+03  1.6244E-01  3.4863E+00  8.6882E-03
  1.7100E+03  1.6310E-01  3.4962E+00  3.7023E-03
  1.7109E+03  1.6239E-01  3.5022E+00 -1.3753E-03
  1.7118E+03  1.6075E-01  3.5001E+00 -4.3390E-03
  1.7127E+03  1.6077E-01  3.4947E+00 -6.3046E-03
  1.7135E+03  1.6316E-01  3.4857E+00 -8.9640E-03
  1.7144E+03  1.6526E-01  3.4698E+00 -1.1677E-02
  1.7153E+03  1.6385E-01  3.4559E+00 -1.4123E-02
  1.7162E+03  1.6125E-01  3.4407E+00 -1.5515E-02
  1.7171E+03  1.5884E-01  3.4293E+00 -1.5773E-02
  1.7180E+03  1.5658E-01  3.4219E+00 -1.5035E-02
  1.7189E+03  1.5621E-01  3.4172E+00 -1.5114E-02
  1.7198E+03  1.5506E-01  3.4151E+00 -1.5778E-02
  1.7206E+03  1.5455E-01  3.4184E+00 -1.6854E-02
  1.7215E+03  1.5374E-01  3.4284E+00 -1.7588E-02
  1.7224E+03  1.5387E-01  3.4407E+00 -1.8720E-02
  1.7233E+03  1.5497E-01  3.4526E+00 -1.9397E-02
  1.7242E+03  1.5536E-01  3.4656E+00 -1.9779E-02
  1.7251E+03  1.5621E-01  3.4857E+00 -1.8926E-02
  1.7260E+03  1.5603E-01  3.5072E+00 -1.8876E-02
  1.7269E+03  1.5663E-01  3.5286E+00 -2.1077E-02
  1.7277E+03  1.5880E-01  3.5545E+00 -2.2956E-02
  1.7286E+03  1.5865E-01  3.5775E+00 -2.4248E-02
  1.7295E+03  1.5939E-01  3.5985E+00 -2.3915E-02
  1.7304E+03  1.5893E-01  3.6184E+00 -1.9912E-02
  1.7313E+03  1.5803E-01  3.6465E+00 -1.6404E-02
  1.7322E+03  1.5932E-01  3.6704E+00 -1.6099E-02
  1.7331E+03  1.6160E-01  3.6954E+00 -1.5190E-02
  1.7340E+03  1.6439E-01  3.7265E+00 -1.4685E-02
  1.7348E+03  1.6559E-01  3.7561E+00 -1.3050E-02
  1.7357E+03  1.6675E-01  3.7813E+00 -1.0912E-02
  1.7366E+03  1.6758E-01  3.7986E+00 -8.1371E-03
  1.7375E+03  1.6886E-01  3.8075E+00 -5.2068E-03
  1.7384E+03  1.7107E-01  3.8123E+00 -7.5958E-04
  1.7393E+03  1.7115E-01  3.8172E+00  3.0225E-03
  1.7402E+03  1.6911E-01  3.8303E+00  4.2745E-03
  1.7411E+03  1.6758E-01  3.8429E+00  5.1723E-03
  1.7419E+03  1.6792E-01  3.8549E+00  6.8313E-03
  1.7428E+03  1.6955E-01  3.8695E+00  8.0166E-03
  1.7437E+03  1.7146E-01  3.8897E+00  8.0344E-03
  1.7446E+03  1.7207E-01  3.9046E+00  7.9742E-03
  1.7455E+03  1.7234E-01  3.9166E+00  6.6710E-03
  1.7464E+03  1.7327E-01  3.9278E+00  5.3625E-03
  1.7473E+03  1.7519E-01  3.9429E+00  1.7275E-03
  1.7482E+03  1.7600E-01  3.9637E+00 -2.5224E-03
  1.7490E+03  1.7679E-01  3.9843E+00 -6.7212E-03
  1.7499E+03  1.7759E-01  3.9912E+00 -7.7416E-03
  1.7508E+03  1.7843E-01  4.0000E+00 -7.1910E-03
  1.7517E+03  1.7963E-01  4.0218E+00 -4.3274E-03
  1.7525E+03  1.8290E-01  4.0407E+00 -2.3147E-03
  1.7534E+03  1.8552E-01  4.0516E+00 -3.5336E-03
  1.7543E+03  1.8636E-01  4.0632E+00 -3.4703E-03
  1.7552E+03  1.8326E-01  4.0803E+00 -3.9493E-03
  1.7560E+03  1.8087E-01  4.1002E+00 -5.7213E-03
  1.7569E+03  1.8026E-01  4.1143E+00 -1.0855E-02
  1.7578E+03  1.8043E-01  4.1207E+00 -1.3461E-02
  1.7586E+03  1.8381E-01  4.1145E+00 -1.2852E-02
  1.7595E+03  1.8664E-01  4.1010E+00 -1.3236E-02
