#Run  | beta      1  | kymin     1  /Eigenvalue1            
0001  | 2.000000e-03 | 2.500000e-02 |  0.0030  0.0090
0002  | 4.000000e-03 | 2.500000e-02 |  0.0040  0.0090
0003  | 6.000000e-03 | 2.500000e-02 |  0.0150  0.0370
0004  | 8.000000e-03 | 2.500000e-02 |  0.0420  0.0360
0005  | 1.000000e-02 | 2.500000e-02 |  0.0650  0.0360
0006  | 1.200000e-02 | 2.500000e-02 |  0.0830  0.0360
0007  | 1.400000e-02 | 2.500000e-02 |  0.0990  0.0360
0008  | 1.600000e-02 | 2.500000e-02 |  0.1140  0.0360
0009  | 1.800000e-02 | 2.500000e-02 |  0.1260  0.0360
0010  | 2.000000e-02 | 2.500000e-02 |  0.1380  0.0360
0011  | 2.200000e-02 | 2.500000e-02 |  0.1490  0.0360
0012  | 2.400000e-02 | 2.500000e-02 |  0.1580  0.0360
0013  | 2.600000e-02 | 2.500000e-02 |  0.1680  0.0370
0014  | 2.800000e-02 | 2.500000e-02 |  0.1770  0.0370
0015  | 3.000000e-02 | 2.500000e-02 |  0.1850  0.0370
