#Run  | beta      1  | kymin     1  /Eigenvalue1            
0001  | 2.000000e-03 | 6.500000e-01 |  0.0780  0.2950
0002  | 4.000000e-03 | 6.500000e-01 |  0.0750  0.2980
0003  | 6.000000e-03 | 6.500000e-01 |  0.0730  0.3010
0004  | 8.000000e-03 | 6.500000e-01 |  0.0690  0.3050
0005  | 1.000000e-02 | 6.500000e-01 |  0.0660  0.3070
0006  | 1.200000e-02 | 6.500000e-01 |  0.0640  0.3100
0007  | 1.400000e-02 | 6.500000e-01 |  0.0610  0.3130
0008  | 1.600000e-02 | 6.500000e-01 |  0.0590  0.3150
0009  | 1.800000e-02 | 6.500000e-01 |  0.0570  0.3180
0010  | 2.000000e-02 | 6.500000e-01 |     NaN     NaN
0011  | 2.200000e-02 | 6.500000e-01 |     NaN     NaN
0012  | 2.400000e-02 | 6.500000e-01 |  0.0540  0.6230
0013  | 2.600000e-02 | 6.500000e-01 |  0.0550  0.6390
0014  | 2.800000e-02 | 6.500000e-01 |  0.0770  0.6420
0015  | 3.000000e-02 | 6.500000e-01 |  0.0890  0.6400
