#Run  | beta      1  | kymin     1  /Eigenvalue1            
0001  | 2.000000e-03 | 2.500000e-02 |  0.0020  0.0100
0002  | 4.000000e-03 | 2.500000e-02 |  0.0020  0.0090
0003  | 6.000000e-03 | 2.500000e-02 |  0.0030  0.0090
0004  | 8.000000e-03 | 2.500000e-02 |  0.0040  0.0100
0005  | 1.000000e-02 | 2.500000e-02 |  0.0190  0.0350
0006  | 1.200000e-02 | 2.500000e-02 |  0.0410  0.0350
0007  | 1.400000e-02 | 2.500000e-02 |  0.0600  0.0340
0008  | 1.600000e-02 | 2.500000e-02 |  0.0770  0.0340
0009  | 1.800000e-02 | 2.500000e-02 |  0.0920  0.0340
0010  | 2.000000e-02 | 2.500000e-02 |  0.1060  0.0340
0011  | 2.200000e-02 | 2.500000e-02 |  0.1180  0.0350
0012  | 2.400000e-02 | 2.500000e-02 |  0.1290  0.0350
0013  | 2.600000e-02 | 2.500000e-02 |  0.1390  0.0350
0014  | 2.800000e-02 | 2.500000e-02 |  0.1490  0.0350
0015  | 3.000000e-02 | 2.500000e-02 |  0.1580  0.0350
