#Run  | beta      1  | kymin     1  /Eigenvalue1            
0001  | 2.000000e-03 | 2.500000e-02 |  0.0020  0.0100
0002  | 4.000000e-03 | 2.500000e-02 |  0.0010  0.0100
0003  | 6.000000e-03 | 2.500000e-02 |  0.0020  0.0100
0004  | 8.000000e-03 | 2.500000e-02 |  0.0020  0.0100
0005  | 1.000000e-02 | 2.500000e-02 |  0.0030  0.0100
0006  | 1.200000e-02 | 2.500000e-02 |  0.0020  0.0110
0007  | 1.400000e-02 | 2.500000e-02 |  0.0170  0.0360
0008  | 1.600000e-02 | 2.500000e-02 |  0.0350  0.0360
0009  | 1.800000e-02 | 2.500000e-02 |  0.0520  0.0350
0010  | 2.000000e-02 | 2.500000e-02 |  0.0670  0.0350
0011  | 2.200000e-02 | 2.500000e-02 |  0.0810  0.0350
0012  | 2.400000e-02 | 2.500000e-02 |  0.0940  0.0340
0013  | 2.600000e-02 | 2.500000e-02 |  0.1050  0.0340
0014  | 2.800000e-02 | 2.500000e-02 |  0.1160  0.0340
0015  | 3.000000e-02 | 2.500000e-02 |  0.1260  0.0350
