0001  | 2.000000e-01 |  0.2950 -0.7140
0002  | 3.000000e-01 |  0.4060 -0.8780
0003  | 4.000000e-01 |  0.4570 -0.6520
0004  | 5.000000e-01 |  0.4380 -0.7110
0005  | 6.000000e-01 |  0.3710 -0.5360
0006  | 7.000000e-01 |     NaN     NaN
0007  | 8.000000e-01 |  0.4620 -2.9440
0008  | 9.000000e-01 |  0.5600 -2.9620
0009  | 1.000000e+00 |  0.6490 -2.9390
0010  | 1.100000e+00 |  0.7250 -2.8850
0011  | 1.200000e+00 |  0.7880 -2.8090
0012  | 1.300000e+00 |  0.8400 -2.7190
0013  | 1.400000e+00 |  0.8800 -2.6180
0014  | 1.500000e+00 |  0.9120 -2.5110
0015  | 1.600000e+00 |  0.9360 -2.4000
0002  | 1.700000e+00 |  0.9570 -2.2880
0003  | 1.800000e+00 |  0.9750 -2.1770
0004  | 1.900000e+00 |  0.9920 -2.0700
0005  | 2.000000e+00 |  1.0070 -1.9680
0006  | 2.100000e+00 |  1.0210 -1.8730
0007  | 2.200000e+00 |  1.0320 -1.7850
0008  | 2.300000e+00 |  1.0420 -1.7020
0009  | 2.400000e+00 |  1.0490 -1.6260
0010  | 2.500000e+00 |  1.0540 -1.5560
0011  | 2.600000e+00 |  1.0570 -1.4900
0012  | 2.700000e+00 |  1.0590 -1.4280
0013  | 2.800000e+00 |  1.0590 -1.3700
0014  | 2.900000e+00 |  1.0580 -1.3160
0015  | 3.000000e+00 |  1.0550 -1.2650
