#Run  | kymin     1  /Eigenvalue1            
0001  | 2.000000e-01 |  0.2950 -0.7140
0002  | 3.000000e-01 |  0.4060 -0.8780
0003  | 4.000000e-01 |  0.4570 -0.6520
0004  | 5.000000e-01 |  0.4380 -0.7110
0005  | 6.000000e-01 |  0.3710 -0.5360
0006  | 7.000000e-01 |     NaN     NaN
0007  | 8.000000e-01 |  0.4620 -2.9440
0008  | 9.000000e-01 |  0.5600 -2.9620
0009  | 1.000000e+00 |  0.6490 -2.9390
0010  | 1.100000e+00 |  0.7250 -2.8850
0011  | 1.200000e+00 |  0.7880 -2.8090
0012  | 1.300000e+00 |  0.8400 -2.7190
0013  | 1.400000e+00 |  0.8800 -2.6180
0014  | 1.500000e+00 |  0.9120 -2.5110
0015  | 1.600000e+00 |  0.9360 -2.4000
