38.900206968
37.393533048
35.512385963
33.283571622
30.778818666
28.089026167
25.310481261
22.528181311
19.813818327
17.229269939
14.818999759
12.614189477
10.630730113
8.8726482416
7.3364835388
6.0089848311
4.8783538723
3.9247328896
3.1261741199
2.4729261306
1.9416990621
1.5160028481
1.1778170645
0.91915344548
0.72328315736
0.5789701192
0.47596229271
0.40309390724
0.3509984529
0.31387461351
0.28961356638
0.27695601376
0.272626749
0.27583175639
0.28783567541
0.31308253939
0.35675153368
0.42223926199
0.51243152307
0.63301060604
0.79217590866
1.0006808494
1.2669777465
1.6031165214
2.02066931
2.531949394
3.1500246492
3.8884253117
4.7621028471
5.7745077549
6.9359206515
8.2428926035
9.6907887876
11.263304622
12.939139697
14.691201561
16.493065473
18.317587531
20.141589013
21.944907814
23.70239616
25.37867721
26.918609551
28.258706757
