#Run  | omn       1  | kymin     1  /Eigenvalue1            
0001  | 1.000000e-01 | 6.000000e-01 | -0.0040 -0.0000  
0002  | 2.000000e-01 | 6.000000e-01 | -0.0020 -0.0130 
0003  | 3.000000e-01 | 6.000000e-01 |  0.0030 -0.0390
0004  | 4.000000e-01 | 6.000000e-01 |  0.0100 -0.0450
0005  | 5.000000e-01 | 6.000000e-01 |  0.0170 -0.0500
0006  | 6.000000e-01 | 6.000000e-01 |  0.0210 -0.0550
0007  | 7.000000e-01 | 6.000000e-01 |  0.0240 -0.0600
0008  | 8.000000e-01 | 6.000000e-01 |  0.0260 -0.0640
0009  | 9.000000e-01 | 6.000000e-01 |  0.0270 -0.0690
0010  | 1.000000e+00 | 6.000000e-01 |  0.0260 -0.0740
0011  | 1.500000e+00 | 6.000000e-01 |  0.0440 -0.2930
0012  | 2.000000e+00 | 6.000000e-01 |  0.0750 -0.3650
0013  | 2.500000e+00 | 6.000000e-01 |  0.1260 -0.4290
0014  | 3.000000e+00 | 6.000000e-01 |  0.1810 -0.4730
0015  | 4.000000e+00 | 6.000000e-01 |  0.2840 -0.5320
0016  | 5.000000e+00 | 6.000000e-01 |  0.3750 -0.5690
0017  | 6.000000e+00 | 6.000000e-01 |  0.4550 -0.5950
0018  | 1.000000e-01 | 8.000000e-01 | -0.0030 -0.0010
0019  | 2.000000e-01 | 8.000000e-01 | -0.0010 -0.0290 
0020  | 3.000000e-01 | 8.000000e-01 |  0.0100 -0.0320
0021  | 4.000000e-01 | 8.000000e-01 |  0.0180 -0.0360
0022  | 5.000000e-01 | 8.000000e-01 |  0.0250 -0.0370
0023  | 6.000000e-01 | 8.000000e-01 |  0.0300 -0.0390
0024  | 7.000000e-01 | 8.000000e-01 |  0.0400 -0.0490
0025  | 8.000000e-01 | 8.000000e-01 |  0.0430 -0.0520
0026  | 9.000000e-01 | 8.000000e-01 |  0.0460 -0.0530
0027  | 1.000000e+00 | 8.000000e-01 |  0.0490 -0.0540
0028  | 1.500000e+00 | 8.000000e-01 |  0.0620 -0.0420
0029  | 2.000000e+00 | 8.000000e-01 |  0.0910 -0.3560
0030  | 2.500000e+00 | 8.000000e-01 |  0.1400 -0.4190
0031  | 3.000000e+00 | 8.000000e-01 |  0.1820 -0.4820
0032  | 4.000000e+00 | 8.000000e-01 |  0.2980 -1.0360
0033  | 5.000000e+00 | 8.000000e-01 |  0.4280 -1.1340
0034  | 6.000000e+00 | 8.000000e-01 |  0.5340 -1.2310
0035  | 1.000000e-01 | 1.000000e+00 | -0.0040 -0.0010 
0036  | 2.000000e-01 | 1.000000e+00 | -0.0000 -0.0270
0037  | 3.000000e-01 | 1.000000e+00 |  0.0150 -0.0590
0038  | 4.000000e-01 | 1.000000e+00 |  0.0250 -0.0660
0039  | 5.000000e-01 | 1.000000e+00 |  0.0330 -0.0420
0040  | 6.000000e-01 | 1.000000e+00 |  0.0410 -0.0370
0041  | 7.000000e-01 | 1.000000e+00 |  0.0480 -0.0370
0042  | 8.000000e-01 | 1.000000e+00 |  0.0530 -0.0370
0043  | 9.000000e-01 | 1.000000e+00 |  0.0570 -0.0440
0044  | 1.000000e+00 | 1.000000e+00 |  0.0610 -0.0700
0045  | 1.500000e+00 | 1.000000e+00 |  0.0880 -0.1860
0046  | 2.000000e+00 | 1.000000e+00 |  0.1330 -0.2680
0047  | 2.500000e+00 | 1.000000e+00 |  0.1800 -0.3060
0048  | 3.000000e+00 | 1.000000e+00 |  0.2260 -0.3400
0049  | 4.000000e+00 | 1.000000e+00 |  0.3140 -0.8970
0050  | 5.000000e+00 | 1.000000e+00 |  0.4560 -2.1530
0051  | 6.000000e+00 | 1.000000e+00 |  0.6330 -2.3230
0052  | 1.000000e-01 | 1.200000e+00 | -0.0040 -0.0020
0053  | 2.000000e-01 | 1.200000e+00 | -0.0000 -0.0150
0054  | 3.000000e-01 | 1.200000e+00 |  0.0170 -0.0570
0055  | 4.000000e-01 | 1.200000e+00 |  0.0300 -0.0620
0056  | 5.000000e-01 | 1.200000e+00 |  0.0380 -0.0630
0057  | 6.000000e-01 | 1.200000e+00 |  0.0450 -0.0610
0058  | 7.000000e-01 | 1.200000e+00 |  0.0540 -0.0610
0059  | 8.000000e-01 | 1.200000e+00 |  0.0620 -0.2650
0060  | 9.000000e-01 | 1.200000e+00 |  0.0750 -0.3040
0061  | 1.000000e+00 | 1.200000e+00 |  0.0850 -0.3320
0062  | 1.500000e+00 | 1.200000e+00 |  0.1170 -0.4630
0063  | 2.000000e+00 | 1.200000e+00 |  0.1620 -0.2090
0064  | 2.500000e+00 | 1.200000e+00 |  0.2110 -0.2230
0065  | 3.000000e+00 | 1.200000e+00 |  0.2570 -0.2350
0066  | 4.000000e+00 | 1.200000e+00 |  0.3380 -0.2510
0067  | 5.000000e+00 | 1.200000e+00 |  0.4720 -1.9830
0068  | 6.000000e+00 | 1.200000e+00 |  0.6620 -2.0970
0069  | 1.000000e-01 | 1.400000e+00 | -0.0040 -0.0030
0070  | 2.000000e-01 | 1.400000e+00 | -0.0020 -0.0030 
0071  | 3.000000e-01 | 1.400000e+00 |  0.0200 -0.0530
0072  | 4.000000e-01 | 1.400000e+00 |  0.0340 -0.0570
0073  | 5.000000e-01 | 1.400000e+00 |  0.0430 -0.0570
0074  | 6.000000e-01 | 1.400000e+00 |  0.0520 -0.0550
0075  | 7.000000e-01 | 1.400000e+00 |  0.0710 -0.2410
0076  | 8.000000e-01 | 1.400000e+00 |  0.0890 -0.2620
0077  | 9.000000e-01 | 1.400000e+00 |  0.1050 -0.2840
0078  | 1.000000e+00 | 1.400000e+00 |  0.1190 -0.3060
0079  | 1.500000e+00 | 1.400000e+00 |  0.1660 -0.4070
0080  | 2.000000e+00 | 1.400000e+00 |  0.1900 -0.4880
0081  | 2.500000e+00 | 1.400000e+00 |  0.2240 -0.1620
0082  | 3.000000e+00 | 1.400000e+00 |  0.2680 -0.1580
0083  | 4.000000e+00 | 1.400000e+00 |  0.4050 -1.8710
0084  | 5.000000e+00 | 1.400000e+00 |  0.4550 -0.7740
0085  | 6.000000e+00 | 1.400000e+00 |  0.6460 -1.8500
