#Run  | omn       1  | kymin     1  /Eigenvalue1            
0001  | 1.000000e-01 | 6.000000e-01 | -0.0040 -0.0000
0002  | 2.000000e-01 | 6.000000e-01 |  0.0020 -0.0330
0003  | 3.000000e-01 | 6.000000e-01 |  0.0110 -0.0380
0004  | 4.000000e-01 | 6.000000e-01 |  0.0190 -0.0430
0005  | 5.000000e-01 | 6.000000e-01 |  0.0260 -0.0490
0006  | 6.000000e-01 | 6.000000e-01 |  0.0320 -0.0540
0007  | 7.000000e-01 | 6.000000e-01 |  0.0370 -0.0590
0008  | 8.000000e-01 | 6.000000e-01 |  0.0400 -0.0630
0009  | 9.000000e-01 | 6.000000e-01 |  0.0420 -0.0670
0010  | 1.000000e+00 | 6.000000e-01 |  0.0450 -0.0710
0011  | 1.500000e+00 | 6.000000e-01 |  0.0570 -0.2240
0012  | 2.000000e+00 | 6.000000e-01 |  0.0860 -0.2670
0013  | 2.500000e+00 | 6.000000e-01 |  0.1230 -0.4420
0014  | 3.000000e+00 | 6.000000e-01 |  0.1750 -0.4920
0015  | 4.000000e+00 | 6.000000e-01 |  0.2750 -0.5660
0016  | 5.000000e+00 | 6.000000e-01 |  0.3620 -0.6220
0017  | 6.000000e+00 | 6.000000e-01 |  0.4440 -0.6730
0018  | 1.000000e-01 | 8.000000e-01 | -0.0020 -0.0020 
0019  | 2.000000e-01 | 8.000000e-01 |  0.0060 -0.0280
0020  | 3.000000e-01 | 8.000000e-01 |  0.0170 -0.0310
0021  | 4.000000e-01 | 8.000000e-01 |  0.0270 -0.0570
0022  | 5.000000e-01 | 8.000000e-01 |  0.0360 -0.0520
0023  | 6.000000e-01 | 8.000000e-01 |  0.0440 -0.0460
0024  | 7.000000e-01 | 8.000000e-01 |  0.0500 -0.0480
0025  | 8.000000e-01 | 8.000000e-01 |  0.0550 -0.0510
0026  | 9.000000e-01 | 8.000000e-01 |  0.0610 -0.0540
0027  | 1.000000e+00 | 8.000000e-01 |  0.0650 -0.0550
0028  | 1.500000e+00 | 8.000000e-01 |  0.0790 -0.0950
0029  | 2.000000e+00 | 8.000000e-01 |  0.1030 -0.4360
0030  | 2.500000e+00 | 8.000000e-01 |  0.1560 -0.5140
0031  | 3.000000e+00 | 8.000000e-01 |  0.1980 -0.5940
0032  | 4.000000e+00 | 8.000000e-01 |  0.2900 -0.7390
0033  | 5.000000e+00 | 8.000000e-01 |  0.3870 -0.8590
0034  | 6.000000e+00 | 8.000000e-01 |  0.5560 -2.6600
0035  | 1.000000e-01 | 1.000000e+00 | -0.0030 -0.0020
0036  | 2.000000e-01 | 1.000000e+00 |  0.0070 -0.0250
0037  | 3.000000e-01 | 1.000000e+00 |  0.0230 -0.0510
0038  | 4.000000e-01 | 1.000000e+00 |  0.0370 -0.0560
0039  | 5.000000e-01 | 1.000000e+00 |  0.0470 -0.0610
0040  | 6.000000e-01 | 1.000000e+00 |  0.0550 -0.0640
0041  | 7.000000e-01 | 1.000000e+00 |  0.0620 -0.0650
0042  | 8.000000e-01 | 1.000000e+00 |  0.0690 -0.0660
0043  | 9.000000e-01 | 1.000000e+00 |  0.0760 -0.0670
0044  | 1.000000e+00 | 1.000000e+00 |  0.0820 -0.0680
0045  | 1.500000e+00 | 1.000000e+00 |  0.1100 -0.0720
0046  | 2.000000e+00 | 1.000000e+00 |  0.1350 -0.0780
0047  | 2.500000e+00 | 1.000000e+00 |  0.1830 -0.3880
0048  | 3.000000e+00 | 1.000000e+00 |  0.2300 -0.4410
0049  | 4.000000e+00 | 1.000000e+00 |  0.3280 -0.5260
0050  | 5.000000e+00 | 1.000000e+00 |  0.4740 -2.3610
0051  | 6.000000e+00 | 1.000000e+00 |  0.6780 -2.5390
0052  | 1.000000e-01 | 1.200000e+00 | -0.0040 -0.0020
0053  | 2.000000e-01 | 1.200000e+00 |  0.0070 -0.0220
0054  | 3.000000e-01 | 1.200000e+00 |  0.0250 -0.0470
0055  | 4.000000e-01 | 1.200000e+00 |  0.0420 -0.0500
0056  | 5.000000e-01 | 1.200000e+00 |  0.0540 -0.0530
0057  | 6.000000e-01 | 1.200000e+00 |  0.0630 -0.0530
0058  | 7.000000e-01 | 1.200000e+00 |  0.0710 -0.0530
0059  | 8.000000e-01 | 1.200000e+00 |  0.0790 -0.0520
0060  | 9.000000e-01 | 1.200000e+00 |  0.0870 -0.0510
0061  | 1.000000e+00 | 1.200000e+00 |  0.0940 -0.0500
0062  | 1.500000e+00 | 1.200000e+00 |  0.1290 -0.0420
0063  | 2.000000e+00 | 1.200000e+00 |  0.1590 -0.0340
0064  | 2.500000e+00 | 1.200000e+00 |  0.2040 -0.2760
0065  | 3.000000e+00 | 1.200000e+00 |  0.2530 -0.3020
0066  | 4.000000e+00 | 1.200000e+00 |  0.3440 -0.3430
0067  | 5.000000e+00 | 1.200000e+00 |  0.5230 -2.2500
0068  | 6.000000e+00 | 1.200000e+00 |  0.7210 -2.3660
0069  | 1.000000e-01 | 1.400000e+00 | -0.0040 -0.0060
0070  | 2.000000e-01 | 1.400000e+00 |  0.0060 -0.0190
0071  | 3.000000e-01 | 1.400000e+00 |  0.0280 -0.0430
0072  | 4.000000e-01 | 1.400000e+00 |  0.0450 -0.0450
0073  | 5.000000e-01 | 1.400000e+00 |  0.0580 -0.0450
0074  | 6.000000e-01 | 1.400000e+00 |  0.0680 -0.0430
0075  | 7.000000e-01 | 1.400000e+00 |  0.0780 -0.0420
0076  | 8.000000e-01 | 1.400000e+00 |  0.0870 -0.0390
0077  | 9.000000e-01 | 1.400000e+00 |  0.0960 -0.0360
0078  | 1.000000e+00 | 1.400000e+00 |  0.1030 -0.0320
0079  | 1.500000e+00 | 1.400000e+00 |  0.1380 -0.0140
0080  | 2.000000e+00 | 1.400000e+00 |  0.1730 -0.1870
0081  | 2.500000e+00 | 1.400000e+00 |  0.2230 -0.1960
0082  | 3.000000e+00 | 1.400000e+00 |  0.2690 -0.2020
0083  | 4.000000e+00 | 1.400000e+00 |  0.3510 -0.2070
0084  | 5.000000e+00 | 1.400000e+00 |  0.5230 -2.1270
0085  | 6.000000e+00 | 1.400000e+00 |  0.7130 -2.1900
