0001  | 2.400000e-02 | 5.000000e-02 |  0.0720  0.0590
0002  | 2.500000e-02 | 5.000000e-02 |  0.1040  0.0600
0003  | 2.600000e-02 | 5.000000e-02 |  0.1370  0.0600
0004  | 2.700000e-02 | 5.000000e-02 |  0.1690  0.0610
0005  | 2.800000e-02 | 5.000000e-02 |  0.2020  0.0620
0006  | 2.900000e-02 | 5.000000e-02 |  0.2330  0.0620
0007  | 2.400000e-02 | 1.000000e-01 |     NaN     NaN
0008  | 2.500000e-02 | 1.000000e-01 |  0.0540  0.1290
0009  | 2.600000e-02 | 1.000000e-01 |  0.1060  0.1300
0010  | 2.700000e-02 | 1.000000e-01 |  0.1470  0.1300
0011  | 2.800000e-02 | 1.000000e-01 |  0.1840  0.1290
0012  | 2.900000e-02 | 1.000000e-01 |  0.2180  0.1290
0013  | 2.400000e-02 | 1.500000e-01 |     NaN     NaN
0014  | 2.500000e-02 | 1.500000e-01 |  0.0540  0.2450
0015  | 2.600000e-02 | 1.500000e-01 |  0.0850  0.2320
0016  | 2.700000e-02 | 1.500000e-01 |  0.1200  0.2190
0017  | 2.800000e-02 | 1.500000e-01 |  0.1590  0.2110
0018  | 2.900000e-02 | 1.500000e-01 |  0.1970  0.2050
0019  | 2.400000e-02 | 2.000000e-01 |     NaN     NaN
0020  | 2.500000e-02 | 2.000000e-01 |  0.0460  0.3250
0021  | 2.600000e-02 | 2.000000e-01 |  0.0740  0.3180
0022  | 2.700000e-02 | 2.000000e-01 |  0.1090  0.3070
0023  | 2.800000e-02 | 2.000000e-01 |  0.1460  0.2960
0024  | 2.900000e-02 | 2.000000e-01 |  0.1820  0.2870
0025  | 2.400000e-02 | 2.500000e-01 |     NaN     NaN
0026  | 2.500000e-02 | 2.500000e-01 |     NaN     NaN
0027  | 2.600000e-02 | 2.500000e-01 |  0.0640  0.3840
0028  | 2.700000e-02 | 2.500000e-01 |  0.1010  0.3820
0029  | 2.800000e-02 | 2.500000e-01 |  0.1390  0.3720
0030  | 2.900000e-02 | 2.500000e-01 |  0.1750  0.3630
0031  | 2.400000e-02 | 3.000000e-01 |     NaN     NaN
0032  | 2.500000e-02 | 3.000000e-01 |     NaN     NaN
0033  | 2.600000e-02 | 3.000000e-01 |  0.0520  0.5200
0034  | 2.700000e-02 | 3.000000e-01 |  0.0720  0.4540
0035  | 2.800000e-02 | 3.000000e-01 |  0.1290  0.4410
0036  | 2.900000e-02 | 3.000000e-01 |  0.1680  0.4300
0037  | 2.400000e-02 | 3.500000e-01 |     NaN     NaN
0038  | 2.500000e-02 | 3.500000e-01 |  0.0580  0.6140
0039  | 2.600000e-02 | 3.500000e-01 |  0.0690  0.5840
0040  | 2.700000e-02 | 3.500000e-01 |  0.0860  0.5490
0041  | 2.800000e-02 | 3.500000e-01 |  0.1200  0.5130
0042  | 2.900000e-02 | 3.500000e-01 |  0.1620  0.4930
0043  | 2.400000e-02 | 4.000000e-01 |     NaN     NaN
0044  | 2.500000e-02 | 4.000000e-01 |  0.0690  0.6640
0045  | 2.600000e-02 | 4.000000e-01 |  0.0810  0.6380
0046  | 2.700000e-02 | 4.000000e-01 |  0.0990  0.6090
0047  | 2.800000e-02 | 4.000000e-01 |  0.1250  0.5780
0048  | 2.900000e-02 | 4.000000e-01 |  0.1590  0.5540
0049  | 2.400000e-02 | 4.500000e-01 |     NaN     NaN
0050  | 2.500000e-02 | 4.500000e-01 |  0.0780  0.7070
0051  | 2.600000e-02 | 4.500000e-01 |  0.0920  0.6810
0052  | 2.700000e-02 | 4.500000e-01 |  0.1100  0.6560
0053  | 2.800000e-02 | 4.500000e-01 |  0.1340  0.6290
0054  | 2.900000e-02 | 4.500000e-01 |  0.1640  0.6070
0055  | 2.400000e-02 | 5.000000e-01 |     NaN     NaN
0056  | 2.500000e-02 | 5.000000e-01 |  0.0860  0.7430
0057  | 2.600000e-02 | 5.000000e-01 |  0.1000  0.7200
0058  | 2.700000e-02 | 5.000000e-01 |  0.1200  0.6960
0059  | 2.800000e-02 | 5.000000e-01 |  0.1440  0.6730
0060  | 2.900000e-02 | 5.000000e-01 |  0.1710  0.6530
0061  | 2.400000e-02 | 5.500000e-01 |     NaN     NaN
0062  | 2.500000e-02 | 5.500000e-01 |  0.0930  0.7760
0063  | 2.600000e-02 | 5.500000e-01 |  0.1100  0.7530
0064  | 2.700000e-02 | 5.500000e-01 |  0.1290  0.7300
0065  | 2.800000e-02 | 5.500000e-01 |  0.1530  0.7100
0066  | 2.900000e-02 | 5.500000e-01 |  0.1780  0.6920
0067  | 2.400000e-02 | 6.000000e-01 |     NaN     NaN
0068  | 2.500000e-02 | 6.000000e-01 |  0.0990  0.8040
0069  | 2.600000e-02 | 6.000000e-01 |  0.1170  0.7820
0070  | 2.700000e-02 | 6.000000e-01 |  0.1380  0.7610
0071  | 2.800000e-02 | 6.000000e-01 |  0.1620  0.7430
0072  | 2.900000e-02 | 6.000000e-01 |  0.1860  0.7270
0073  | 2.400000e-02 | 6.500000e-01 |     NaN     NaN
0074  | 2.500000e-02 | 6.500000e-01 |  0.1040  0.8300
0075  | 2.600000e-02 | 6.500000e-01 |  0.1230  0.8090
0076  | 2.700000e-02 | 6.500000e-01 |  0.1460  0.7900
0077  | 2.800000e-02 | 6.500000e-01 |  0.1690  0.7730
0078  | 2.900000e-02 | 6.500000e-01 |  0.1930  0.7600
0079  | 2.400000e-02 | 7.000000e-01 |     NaN     NaN
0080  | 2.500000e-02 | 7.000000e-01 |  0.1100  0.8560
0081  | 2.600000e-02 | 7.000000e-01 |  0.1310  0.8350
0082  | 2.700000e-02 | 7.000000e-01 |  0.1530  0.8180
0083  | 2.800000e-02 | 7.000000e-01 |  0.1760  0.8030
0084  | 2.900000e-02 | 7.000000e-01 |  0.2000  0.7910
0085  | 2.400000e-02 | 7.500000e-01 |     NaN     NaN
0086  | 2.500000e-02 | 7.500000e-01 |  0.1140  0.8820
0087  | 2.600000e-02 | 7.500000e-01 |  0.1360  0.8630
0088  | 2.700000e-02 | 7.500000e-01 |  0.1590  0.8460
0089  | 2.800000e-02 | 7.500000e-01 |  0.1820  0.8320
0090  | 2.900000e-02 | 7.500000e-01 |  0.2050  0.8220
0091  | 2.400000e-02 | 8.000000e-01 |     NaN     NaN
0092  | 2.500000e-02 | 8.000000e-01 |  0.1180  0.9080
0093  | 2.600000e-02 | 8.000000e-01 |  0.1400  0.8900
0094  | 2.700000e-02 | 8.000000e-01 |  0.1640  0.8750
0095  | 2.800000e-02 | 8.000000e-01 |  0.1860  0.8620
0096  | 2.900000e-02 | 8.000000e-01 |  0.2090  0.8520
